1061
1038
1244
-1166
-3271
-4698
-7935
-7323
-7075
-5474
-6283
-4203
-7825
-7659
-9839
-10792
-10072
-10452
-14182
-13274
-14857
-14841
-14887
-14774
-9627
-10580
-10410
-10538
-11564
-11305
-12982
-12393
-11364
-7230
-7392
-9213
-9778
-9437
-9675
-8551
-9641
-8822
-5841
-5779
-6326
-6181
-5670
-5798
3090
1970
-411
688
1529
5522
4243
3717
2468
3080
5925
3618
4554
4014
5007
4011
3492
3740
4407
5438
3958
2093
4208
3974
5777
6855
7010
8384
6623
6937
5867
7034
8975
8293
8104
6460
5895
5213
5944
5911
7403
7736
9552
8421
9452
9533
11587
10643
472
1038
12
1229
3724
3314
1919
1571
3600
4409
3014
5153
7963
8114
6363
4666
6873
6328
7359
8094
6836
5282
5271
6302
-103
1125
997
1284
331
897
1028
2645
2219
3045
4328
5713
6236
6476
9559
12032
12209
13050
11792
14936
15007
15852
14886
14590
4289
3336
3357
3764
3145
1271
2046
559
566
-3278
-3825
-681
-1609
-2259
-1638
-2257
-3202
-4196
-3863
-5288
-4394
-5436
-4913
-3515
5703
4331
3649
4646
5700
6658
6331
5082
6898
6960
7669
10359
10692
11330
12312
12646
10296
7162
8876
6683
7321
9189
8974
3422
10359
11817
10686
9042
8036
10211
9480
8222
8555
8448
11131
11134
10108
7746
6901
6890
5966
4337
3078
3201
2582
2756
1059
567
-599
703
3116
3537
5712
3773
3620
4287
3385
5432
8767
9117
10472
9471
11219
10337
10860
12722
13850
16427
17551
18189
17380
17808
-13819
-15068
-15377
-14687
-14773
-13471
-12141
-12070
-9366
-8781
-10886
-9211
-7023
-11945
-14050
-13256
-9958
-10054
-12192
-13496
-12524
-12542
-13495
-12073
-1250
-896
-2291
-2167
-3120
-1406
854
1581
-199
595
215
-580
68
1748
-2809
-3250
-2530
-1863
-1874
-3269
-3763
-6936
-7564
-8991
-8119
-8499
-6831
-7037
-4436
-4596
-6042
-5248
-6182
-3003
-1052
-4782
-1840
-2960
-6154
-5382
-5210
-3287
-4536
-3308
-3246
-815
-2073
-1981
7122
4910
983
-1207
-811
-3221
-950
-1937
-1174
-28
1086
1624
4431
4608
4283
7076
7172
8474
8870
7498
5643
6945
9274
7631
-3096
-2837
-2671
-2172
979
-352
-2437
519
2151
508
1280
483
-2177
-2745
-1340
-671
961
581
-783
582
1945
4042
2094
722
-556
-318
-598
-234
2449
5054
4122
5739
6605
7080
7394
8425
8183
5712
6087
6949
8869
9534
10565
11433
11611
11703
12497
14928
-4168
-5169
-2926
601
-405
-1304
-4635
-3798
-3433
-4609
-5541
-5583
-5521
-6213
-5817
-5651
-5123
-6170
-5806
-2594
-1846
-1669
26
-1515
5972
6866
6997
8185
8444
7049
6834
7865
8042
7828
6875
7981
6660
7341
7403
5181
4060
1902
3364
3530
2135
2564
-589
1274
-2573
-398
-988
648
2728
3042
538
2406
1088
1376
-1119
-1272
-1576
-916
-1598
-3683
-2367
-3596
-5829
-6530
-4076
-778
-874
387
-3265
-4355
-3762
-2470
-1105
-698
-1651
-356
-1057
-743
-1676
-1762
231
-78
-2046
-2656
-2021
-2255
-1254
-1229
-466
-2278
-1498
-4569
1413
2793
4273
4784
4563
3054
1432
1061
2416
2461
710
3123
2761
2147
2670
3067
4359
3658
3572
2452
2838
1677
2823
1032
-670
-1989
-2743
615
-1348
-1569
1022
592
-226
-3651
-3062
-762
870
432
-250
-2117
-1418
-1191
-1288
1125
-270
2029
2017
1708
-7248
-7030
-3879
-817
-2109
-1403
438
2507
349
-1046
-3245
-4617
-8042
-8336
-7886
-6394
-6039
-4756
-4773
-5058
-3430
-3368
-3109
-2946
1133
3837
7176
7626
5280
7924
9491
11945
10538
9487
10952
11170
11137
11857
12483
11225
11306
13883
14914
12390
12503
12123
13251
12161
22027
23531
23457
24919
25032
23660
22978
24165
23808
23231
21480
19803
18505
17383
15802
15310
15633
15356
13535
17187
18237
19261
18411
16966
3798
4436
4498
4643
4730
3324
2390
-1434
-476
555
1330
1214
1388
1459
777
2413
2388
1401
1053
424
-698
-344
593
-1450
-11803
-11605
-11524
-8888
-7961
-9022
-7302
-9298
-10505
-10434
-10926
-9844
-8237
-8436
-9182
-11130
-10236
-6883
-6487
-7223
-6340
-6561
-8279
-9528
-2170
325
-2199
-2508
-4176
-4025
-6414
-5119
-5895
-3191
-3810
-5453
-4502
-4525
-2176
-267
595
1506
4128
2545
1863
1872
-361
-1023
-1122
2998
4168
2961
3316
4036
936
744
683
-251
-155
-1154
596
-2829
-3095
-1855
-1724
1109
-169
-968
-85
823
854
843
-11037
-9909
-8998
-10182
-8570
-12143
-14145
-12655
-13608
-14453
-13581
-14399
-14233
-15979
-14696
-15630
-16117
-16351
-16059
-18303
-18241
-16102
-16762
-14403
10684
12522
12073
13748
14007
16963
17928
17518
17894
17861
17253
16088
15438
16027
17329
15579
11977
12589
13593
12649
11967
12702
11371
9862
3480
4899
5278
3957
1838
2243
-375
-230
-1479
-2622
-1409
429
476
1182
2740
2009
1515
4198
6842
5584
5843
4721
2909
3305
-16780
-17274
-16465
-15425
-14886
-15129
-14796
-14954
-15104
-14466
-13672
-10780
-12414
-14404
-10923
-11732
-10358
-10647
-9616
-10454
-12698
-13455
-11780
-12827
-1736
-1335
-342
263
2612
3069
3267
4307
4452
6456
6601
7051
6369
7582
5275
4647
4940
8971
9659
7691
8358
7080
6533
5383
1705
2440
50
1782
-165
-1340
-2456
-1161
-650
-736
726
1964
-910
87
-900
-1204
1430
-916
-2174
-2856
-3151
-2442
-3429
-3293
3182
3386
4999
5698
1927
-295
-1388
-757
797
178
917
-969
-987
-707
-1503
51
-1344
-3754
-3202
-2336
-3763
-3267
-1492
-1671
-572
1616
-249
1231
-771
-161
559
2301
4294
4608
2931
1987
1359
658
491
759
525
-471
-1917
-2091
-4227
-5760
-5590
-4268
9200
7642
6197
4467
4863
3237
4082
5959
6842
6437
6453
9214
6061
5640
5241
4444
4732
3401
2279
2341
1388
4659
4675
3947
-11333
-10980
-12919
-14177
-15320
-16495
-17787
-18543
-19792
-18611
-20776
-18615
-20761
-21443
-22125
-21094
-21002
-21287
-22545
-22536
-23638
-23932
-21584
-22903
-10055
-10756
-8790
-9024
-8187
-9830
-9163
-6988
-6717
-8123
-9759
-12637
-11477
-12396
-12890
-13905
-14452
-12909
-12068
-13745
-12922
-13760
-10616
-13372
-814
-847
-2849
-5983
-5536
-5874
-7876
-8423
-10169
-10038
-10200
-11449
-11368
-12909
-11958
-11781
-10887
-10962
-10609
-8929
-6605
-5225
-6390
-5173
1647
4205
4865
5911
4662
7745
6350
5721
3941
2569
1479
1725
2302
2698
2545
2051
3792
2744
1508
2361
2975
2281
2224
3391
4608
4496
3867
3739
5435
5314
6616
4939
7497
8669
8646
10554
11585
11736
11159
8790
5981
6959
5919
5351
5840
4853
4171
7140
-7785
-7654
-6801
-8538
-8865
-10260
-10156
-8854
-8959
-10029
-8417
-8023
-9551
-10368
-12778
-13998
-15758
-15353
-13476
-13143
-11809
-12510
-10481
-9920
-9389
-9075
-7574
-4682
-3507
-3451
-5128
-7021
-4630
-6021
-5180
-4751
-4209
-6157
-7612
-7550
-8494
-6333
-7330
-8702
-8127
-8507
-8487
-7693
-271
-924
1996
1449
2577
1049
1487
1549
732
-2943
-4274
-4997
-6694
-10729
-12834
-12062
-12178
-12558
-12632
-12257
-12337
-13764
-14190
-17427
16904
19714
18308
19354
19761
21770
22550
22581
24589
23797
24193
24391
25081
23560
23622
23408
22945
21666
20125
20824
20976
19746
20949
19366
7396
7961
5540
3572
3886
1091
-125
1162
957
-1758
-4031
-3865
-2510
808
-450
905
1987
4697
5811
6144
5856
3385
3530
5705
6679
5726
8436
7680
8918
7221
7461
6655
6161
5611
6569
6661
7309
6303
9515
9226
7785
7698
9941
10608
13230
12169
13196
15886
-1533
56
645
517
-515
-809
-2506
-3607
-6382
-7147
-6761
-7851
-10293
-9727
-10063
-9838
-9673
-10994
-10589
-9121
-7453
-7550
-9687
-8663
-7342
-8788
-8618
-9144
-9333
-6182
-3833
-5274
-3638
-2146
-1188
-2865
-3344
-1581
296
1794
3213
1777
1242
2754
2675
2989
3155
3666
-5202
-3778
-3072
-2455
-2122
-1349
-1177
-567
47
579
1314
245
159
-130
184
2597
1359
947
1418
4040
5424
5120
5290
3593
4963
4484
4244
6487
6117
7886
6406
7639
7489
6399
6376
5448
6289
7652
7363
5972
6034
4071
7535
9778
12021
11219
13692
12622
-544
-338
390
1209
1040
642
-428
-1193
-6440
-5042
-6112
-6240
-5907
-6161
-6253
-7930
-9818
-11149
-11455
-8818
-10330
-10259
-6668
-4319
1408
1761
437
-812
572
480
405
-1135
-2141
-1247
-2243
-2808
-2494
-3378
-855
223
-2021
-1447
-3312
-5294
-5671
-5423
-8179
-9938
-19041
-22466
-22152
-24005
-24992
-25307
-27830
-29798
-29717
-30036
-29621
-29855
-28180
-29133
-30223
-29575
-29242
-30637
-31446
-33000
-33600
-33377
-32981
-30596
12251
12218
11219
9961
10696
12537
10840
10760
11398
11972
11663
9892
10879
9182
8066
7938
7786
7795
7813
4408
6821
5834
5382
4303
-10190
-6517
-6691
-8732
-10053
-12434
-10826
-12173
-9761
-10234
-10016
-11766
-11507
-11333
-11627
-11794
-12747
-12854
-12145
-10660
-11180
-12281
-13530
-10619
7376
7000
7612
8135
9093
8806
10089
10110
9679
8144
6886
7625
7268
6366
5709
2880
4548
7170
6630
5514
7644
7213
6531
6251
-12174
-11256
-12609
-13365
-10661
-8947
-9304
-9464
-6402
-6340
-6770
-7569
-6889
-7813
-7647
-6980
-7087
-8203
-5559
-3721
-3373
-4493
-5446
-4740
4406
3736
5019
5542
4977
5683
5597
4800
4118
6808
8437
9176
8150
9174
11772
12435
11765
11846
12044
14635
15167
15596
16966
19649
11394
11273
11702
12213
11058
10942
13308
15909
16420
15979
16177
18559
17803
21916
24112
25686
25077
26873
25563
25767
26379
27461
29257
27404
-6716
-9357
-8305
-6944
-7680
-8422
-9219
-9152
-7211
-6430
-6278
-7265
-6098
-7293
-5956
-5074
-6393
-4529
-3798
-4338
-2974
-1144
-3554
-4807
2610
1746
2779
2892
1208
2436
3262
1890
2244
2448
-652
-1032
-951
-610
-967
-740
-3901
-4854
-2150
-3556
-3352
-2625
-3578
-3516
-336
-515
-419
751
79
-1240
-926
-469
-136
-566
-2765
170
241
737
3086
6362
6695
8604
8666
7965
10058
6795
10595
10572
2363
3157
4851
3479
2409
1780
2067
1907
1319
5606
5668
6788
4513
2206
1524
1765
2288
1030
4
-2565
-2803
-4175
-5493
-4515
9650
11203
10301
9871
9189
6779
7124
5175
4188
3705
1959
2597
2173
2377
1762
1989
617
-2139
-1873
-3427
-5239
-6057
-6596
-6251
5230
4873
1102
1959
2491
1834
849
4061
5044
7246
5688
6415
5113
5890
7604
10079
9554
6947
9520
11234
9651
8279
8058
11082
3573
3487
1350
919
975
1632
604
749
1183
2750
3874
1641
2498
1701
748
235
2332
3776
3467
4403
6752
4731
3723
791
486
819
691
1109
1701
611
2388
2973
1883
1255
2298
1778
825
-872
-497
454
1011
1805
2191
796
-576
1031
107
21
-15799
-14504
-15761
-14548
-16320
-17112
-17489
-18673
-18006
-17779
-20054
-22253
-22881
-22643
-20217
-19177
-20278
-20385
-21461
-21192
-24104
-24273
-25531
-25386
3009
97
1190
4461
5073
4647
5382
6422
6023
4774
3220
2370
3924
4090
2005
117
-1424
-1855
-1061
-394
-1159
-2281
-1386
-2733
1633
4223
4698
5259
6106
3664
4345
7717
7295
7536
9697
8909
10521
10099
9165
9079
8126
8442
7814
6772
5539
5182
6484
7530
-8344
-10786
-9133
-8098
-7733
-10374
-10663
-12217
-14992
-18092
-18184
-19505
-20437
-21287
-23363
-22479
-25152
-23201
-22858
-24713
-22981
-21257
-18887
-16296
3699
6257
9067
8070
6529
7569
10170
10283
12292
11002
12278
12476
11450
10484
10136
9706
8343
7168
7277
7809
9028
9969
8218
5965
-4267
-5058
-5110
-2432
-4473
-3245
-2267
-1980
-2278
-3095
-3141
-4513
-5519
-5492
-3499
-7426
-8202
-9526
-12167
-14440
-13386
-13072
-14215
-15995
-7951
-8674
-8738
-7944
-6777
-7932
-7347
-6453
-8267
-9003
-7187
-7544
-8666
-7013
-10640
-11029
-11081
-11010
-11880
-12576
-11084
-10573
-10807
-13522
-502
-298
67
-3684
-5959
-5338
-4566
-4504
-5069
-4023
-3690
-6249
-5582
-5761
-7541
-8233
-9715
-9882
-13055
-14125
-15841
-16010
-17701
-18383
-772
124
-50
-2018
-3385
-3329
-291
-2071
-2168
-664
617
2792
875
498
12
906
1010
-667
1217
1279
578
848
262
-839
-4277
-4215
-6522
-6254
-6475
-4300
-3201
-245
1047
1387
2752
4352
4843
2875
1881
-1104
-1651
-1726
-580
-1398
-4479
-5088
-3697
-1018
10735
10426
9734
8747
7455
7659
8567
8932
9641
11825
11196
12618
12261
11579
10355
10417
11517
10903
8399
11611
13030
13938
12270
13813
1346
393
-608
2202
1691
4313
3064
2712
1956
2174
1995
5473
3336
4142
4663
3268
3289
3622
1945
2739
2987
651
-1480
-745
-2671
-748
-244
-2729
-3836
-3943
-3766
-5138
-4915
-4121
-3970
-5290
-3988
-3741
-5418
-5607
-7387
-7071
-8612
-10426
-11370
-9695
-8980
-8469
-2560
-986
-1061
-1136
-213
-1537
-516
1496
1375
191
-47
-1981
-1741
-1124
-397
-545
-2955
-3030
-2587
-2633
-4005
-3619
-4741
-5098
5315
6534
6501
4538
5496
2016
1594
4404
4696
5029
6394
7520
5597
6264
6685
7672
9963
10537
12808
13809
13479
13393
13084
15661
-11658
-11069
-12464
-13586
-14981
-14209
-15297
-15783
-14752
-14241
-13877
-11574
-12614
-13296
-13131
-13289
-14852
-14511
-14639
-14943
-13837
-13298
-12504
-15219
-4157
-6262
-5362
-2850
-3144
-2729
-2140
-2516
-6340
-7703
-7537
-7223
-4498
-6353
-4983
-6314
-6087
-5056
-4925
-3183
-4244
-4235
-3806
-4761
-8480
-8626
-8868
-9418
-5432
-3773
-2305
-3677
-4935
-5549
-8683
-6039
-6217
-8439
-9926
-9573
-10822
-11775
-11850
-11673
-10779
-10884
-14426
-13821
4377
5931
6041
5600
5439
7489
9677
8690
6751
7782
7132
7446
8727
8662
7331
6481
4553
2969
2315
3050
3876
3175
2273
3534
4695
4954
4157
2732
4704
4588
3339
3543
4574
5685
5777
5085
3339
1099
-121
-226
297
1525
1365
171
-167
1386
-291
42
-1957
-3978
-3474
-1824
-2477
-1380
-3057
555
92
1394
1869
665
1747
3383
1415
246
-1775
-2993
-2819
-3763
-3761
-2803
-4209
-5004
-2126
-2515
-1023
-1652
-1218
-3525
-3872
-2511
-3193
-3698
-2972
-1717
-1650
-1122
-2902
-1941
-2446
-398
769
1102
2397
3635
2085
2147
-9336
-11746
-10459
-9576
-7610
-8104
-8942
-11141
-12472
-13093
-15366
-15118
-14265
-14980
-19232
-19215
-17459
-17317
-16062
-15022
-14867
-16755
-17708
-18736
4527
3248
1436
1350
-598
-2880
-2987
-2026
1334
1809
1346
1573
-417
711
-1346
1464
1482
2532
2427
2646
2905
3479
1708
3397
-1357
-2688
-1653
-1320
-242
-734
1143
1714
1730
2180
4309
1514
424
-948
1544
369
-1528
821
3525
2749
2540
2873
4756
6551
2937
3260
3593
5268
6560
5169
5754
8951
8918
9018
7070
6566
6241
5754
3921
3958
1183
2214
3245
3951
2850
4145
5341
7977
-3542
-3904
-3067
-4879
-2933
-2600
-1603
651
157
-2111
-2044
-408
-392
-1074
1067
1400
-1512
961
1209
-1566
-264
211
2386
2613
13988
13682
14576
13632
12821
11815
11191
10515
11397
11322
11636
11813
10814
7911
7531
8105
9275
8749
7113
7954
10324
8322
6132
7537
3463
4824
3776
3167
4904
4105
2375
3658
3164
1289
1161
667
-1158
-1808
-3810
-3491
-4760
-5181
-6897
-8973
-9048
-9437
-7805
-10688
603
1685
-1041
1581
-517
2084
8
341
1643
1620
2698
1887
4026
4810
4149
4211
5052
6549
7028
8535
7277
5999
4458
2530
2607
5925
4530
3021
2723
2123
2415
3466
2346
3121
5196
4252
1984
2577
3198
999
1455
-261
186
707
1626
1290
1101
2271
-1762
-130
1548
595
-777
-1961
-749
1299
490
2963
1024
3916
3997
4245
6384
9361
7989
8417
7995
8150
7102
6115
6856
4888
-7540
-10044
-11031
-10763
-9988
-10975
-9929
-10030
-8675
-7373
-7448
-8067
-6144
-7088
-9129
-10825
-10758
-9591
-9330
-10000
-9394
-8422
-8529
-7977
3322
1679
284
-3258
-3751
-3983
-4150
-5240
-6665
-5048
-4715
-4154
-2916
-2657
-3612
-4702
-6338
-5706
-7351
-5601
-7874
-6814
-9087
-8388
-2353
-3802
-3488
-3865
-5679
-4217
-4597
-5644
-7802
-7008
-8371
-5018
-4663
-4647
-6688
-9002
-8873
-11526
-11544
-12989
-12180
-13647
-13956
-13481
3901
4589
5309
4887
4422
4465
1636
2064
3088
1308
816
-1890
-441
928
-1838
-2330
-2944
-2285
-2250
-2098
-3042
-2180
-2333
-3591
4098
2984
2627
3474
5844
4552
5942
7305
8797
10355
9975
7180
9860
8080
5507
4135
4521
6441
6682
4212
4598
4149
6033
4200
-8115
-9446
-9346
-5673
-7185
-6103
-4883
-3843
-3457
-2050
-3166
-3241
-4957
-7427
-3836
-3177
-3221
-4341
-7361
-8430
-9736
-9151
-11039
-13291
6590
7365
5101
4480
3379
5175
1992
2020
1065
717
-48
-1725
-2344
-1503
-3274
-4218
-3299
-3740
-1488
-2285
-3657
-4016
-5642
-6900
-1715
-2668
-3621
-4574
-3589
-2789
-653
1067
427
1504
3747
4570
3537
2884
3746
4979
3889
3113
3012
3503
328
2421
1572
1123
-1523
-1317
-1759
-2687
-3861
-3872
-3142
-1428
-2372
-1876
-2441
-4685
-3650
-2756
-2423
-4687
-3385
-4319
-4365
-4645
-4897
-5944
-5002
-4935
4924
2473
2869
2072
1316
3519
4456
3528
2385
2802
1361
-471
-629
748
1227
2138
1364
3415
2808
5637
3992
3310
4896
6124
744
594
-778
-2056
-2548
-734
87
-293
1339
1516
2871
6650
7100
10564
9024
9189
9778
10537
11309
11976
10652
9559
9202
9095
7563
7676
8368
6420
7343
7359
6509
6850
8733
7895
10234
9581
10193
13259
13947
13074
10969
10978
13489
14195
11042
9406
9300
10780
-52
757
-668
-1181
372
3857
1333
4477
4496
678
-2559
-3556
-2463
-1343
650
1267
1471
660
-103
-568
1256
853
1282
-113
-10917
-12195
-10776
-14119
-15166
-15398
-18363
-18420
-17389
-16805
-16167
-13571
-16400
-17199
-17414
-16620
-18548
-18425
-18177
-18058
-18186
-19152
-18194
-17043
4131
1750
1597
2406
1400
4190
4576
4214
3586
3128
1240
1006
3333
4461
2512
3175
4225
6049
5618
7550
7769
8381
10009
12614
-3665
-6568
-5787
-6144
-3454
-2442
-1601
-892
-1060
-2689
-1561
-2142
-1883
-1969
-741
61
394
2278
3172
2938
3279
3523
633
-278
4528
4861
3406
2305
914
552
-279
558
-311
1169
629
1573
1885
3113
2316
1936
2269
1729
3485
1462
1499
1147
373
1413
2767
-826
-1183
-3634
-1368
-1691
-1358
845
549
100
3205
2252
1602
2450
2764
3611
4278
2906
4283
741
-1900
-2143
-3746
-5634
-6505
-6862
-7200
-5526
-5356
-4828
-5478
-5503
-5326
-3882
-5573
-6274
-5586
-6958
-6096
-5944
-6762
-6428
-3745
-4679
-3324
-747
-529
-1831
5917
3989
3653
5312
4359
1888
305
-944
-1104
-2028
-2972
-3654
-190
693
1352
3510
2420
2734
1362
2010
1889
2831
2066
999
11764
12642
12997
13455
13813
10924
12386
11894
12437
11714
8477
6204
4488
4254
4431
5098
4718
2938
3732
3815
3238
1
703
-2092
-10623
-10510
-9790
-8076
-8371
-7975
-7642
-11067
-13300
-11292
-15388
-16341
-17023
-15736
-15213
-14493
-12861
-10182
-12014
-11294
-11532
-9560
-10650
-7946
8473
7474
9522
10201
13011
16031
16093
16155
17892
15314
13990
12874
12507
15637
16141
16428
16499
15771
14953
13966
14028
13602
9350
7944
-10007
-8588
-6952
-6619
-5825
-5804
-6457
-6562
-5836
-6926
-8751
-10309
-11745
-10067
-11187
-12445
-12132
-10896
-11613
-11720
-11244
-13508
-12477
-10046
-9007
-10787
-11552
-11585
-9446
-6810
-5508
-5677
-7280
-6947
-7703
-5528
-7991
-5433
-4571
-4185
-5003
-4344
-5927
-5457
-5772
-6589
-6527
-6194
1836
2719
2676
3279
4659
2940
3153
1790
2914
504
-2020
-1958
-3603
-1045
-587
-1288
-683
-1040
1330
4095
2973
50
112
-3185
-139
1525
1420
1328
1432
1943
3501
1938
3105
3726
3200
3262
1943
690
1978
4139
2556
-273
-359
-2705
-4077
-4178
-3058
-1766
-3675
-2256
-1583
-2428
-3544
-840
-370
-111
107
1274
1501
1362
1720
2429
2995
1737
2404
963
625
-2780
-1457
-3659
-3047
-2708
4678
4760
4742
3951
2925
1607
1115
-1118
-1610
-2868
-2891
-2760
-1541
-3124
-3941
-3253
-4950
-6356
-6408
-6295
-8297
-7793
-9292
-8398
7319
6197
6465
7132
6179
6079
7754
8987
9654
10438
10781
10619
8887
9576
11251
12134
12530
11930
13232
14055
16272
16300
17006
19006
-3095
-1172
-200
831
2385
2604
1617
630
271
-755
-244
-1482
194
-582
-1372
-2420
-3407
-4529
-3997
-2710
-4963
-2678
-3080
-2728
4815
4729
5523
5794
6127
7636
5320
3432
2479
2319
2161
1994
1646
2508
3217
2589
1340
2893
1771
954
2309
1060
263
-1265
-7384
-4492
-4534
-3968
-5686
-5125
-6355
-8314
-9720
-7350
-6048
-8247
-8331
-9559
-7891
-7966
-8261
-10167
-9320
-7684
-4011
-2660
-3322
-4319
4877
4588
7732
11217
13140
12153
10016
10608
9655
10166
11980
10112
9366
8986
7477
6219
5909
5153
5624
4459
3891
2986
2492
1831
-2393
-2794
-2713
-2558
-2665
-3762
-3514
-2474
-2680
-296
687
-990
-2687
-4284
-1773
-3640
-3578
-3103
-3200
-4128
-5500
-4647
-4306
-3618
-3093
-4784
-3638
-1943
-3450
-2605
-2638
-1744
-1018
-1260
-3568
-3625
-4694
-4031
-3298
-7339
-7141
-8263
-8693
-7899
-5656
-5589
-3826
-2410
418
-2140
-2733
-4494
-3256
-2145
-1812
-1450
-2323
508
1548
3541
1568
1884
4588
6089
3448
3781
4487
3177
1500
325
2568
3926
3848
5211
5282
5318
6610
8090
7398
5272
5884
3389
1713
2109
1156
2050
2928
3822
2564
3447
1037
-906
-1030
-873
-2509
830
-8542
-7496
-7163
-9008
-8072
-8179
-8048
-5092
-6193
-5115
-7054
-7830
-7434
-8378
-6761
-4370
-3532
-3082
-3020
-2564
-1084
-2064
-1372
-3001
12467
13015
12387
13448
11519
13694
16458
16298
17234
16396
15828
18177
20625
18488
19154
17905
16228
14856
14155
14765
14034
14293
14714
13156
-6813
-6793
-7285
-9809
-9353
-7366
-8414
-10082
-7825
-6796
-4676
-8081
-4742
-3596
-2979
-2897
-2793
-2953
-3567
-3213
-1989
-4296
-5004
-3776
-11680
-12394
-13460
-13836
-12953
-12247
-9355
-9236
-9179
-10938
-11341
-12748
-14844
-16783
-16198
-16974
-18266
-18738
-17126
-16154
-16428
-16141
-14846
-15061
-830
-828
-1166
-126
-1074
-2703
-2861
-1881
-1654
-412
59
-27
2103
-149
184
-435
-414
-352
-1034
-2408
19
-609
-3269
-2393
984
3606
3385
2013
1961
1577
3163
2210
1297
2865
2297
6031
9647
10170
10755
9654
9263
5690
4149
7002
7743
8139
8493
7487
3504
5140
3201
2771
1926
4065
5115
7184
7538
7647
9651
9413
10583
11990
12052
11370
10167
10481
9821
8312
9901
10139
9019
8391
2010
4130
4715
5509
6804
6718
6207
6540
6767
8659
7661
7198
7040
6107
4275
3288
6230
7259
6531
6981
5121
5110
4197
2981
-8133
-8197
-6483
-5067
-5508
-6002
-3146
-489
979
-1023
-2008
-5799
-6649
-7710
-8258
-8304
-8538
-7236
-3918
-2240
-1332
-630
747
-689
-7302
-6855
-5224
-6055
-6861
-6663
-4126
-4849
-3430
-4383
-1808
-2869
-2976
-2501
-2324
-2618
-2331
-4290
-3925
-2758
-3043
-2268
-3202
-1275
2444
1950
1772
1096
2127
2109
4011
4788
7807
5995
6744
5791
4460
3507
3821
5104
7726
8268
8147
7799
8100
7651
4936
4646
-11295
-10710
-14976
-14662
-15827
-16416
-14302
-17707
-16664
-14755
-17638
-13838
-13696
-14378
-15160
-15288
-13652
-14700
-15009
-14289
-15045
-15883
-15351
-16304
-10995
-8561
-9928
-9595
-11460
-13856
-11823
-12306
-15520
-17502
-16283
-13945
-14721
-12464
-10323
-10365
-8122
-5291
-3495
-918
-585
-252
-1510
-1521
-883
-1692
428
3654
3533
2642
4146
4156
3034
4080
5077
3840
1641
2564
1267
1790
678
571
1099
1413
366
1338
550
-374
3016
5593
6504
7313
6715
5018
5410
7319
5161
6538
6683
8546
7918
7602
8079
8611
9016
9303
9150
6030
4421
4398
3893
6597
-7299
-5925
-4363
-878
-1831
-2200
-2935
-2116
-248
-2690
-4273
-4211
-2959
-3918
-5595
-6224
-8634
-8691
-9279
-11689
-11441
-11800
-12034
-15134
123
964
-481
-162
-1044
-639
-1477
-1062
-163
56
304
-1091
-1549
-3695
-6598
-6935
-5718
-6474
-5363
-2599
-3213
-1973
-671
692
-7449
-11484
-11456
-10849
-10622
-11358
-13138
-10165
-10838
-11563
-14243
-15940
-15273
-13442
-14301
-13507
-10949
-8611
-6414
-7515
-10668
-8988
-8213
-9363
-6473
-6694
-5527
-5930
-7293
-6010
-5985
-8070
-7756
-6685
-5131
-5699
-6166
-5643
-4071
-4053
-3513
-5178
-6822
-5634
-6965
-6894
-6032
-7697
-6081
-4779
-5461
-6824
-3805
-3587
-6218
-3284
-6059
-4065
-3732
-2565
-2991
-3422
-4104
-3980
-5229
-1116
-468
358
2629
-1027
-531
1917
-5421
-5826
-3560
-3681
-4084
-3239
-2874
-2897
-970
-1396
-690
-2244
-317
1478
2854
655
717
-532
-2651
-1044
-2485
-3096
-2867
-2243
15278
17815
17855
17617
18768
16103
16715
15689
16551
17523
15113
14367
13666
12828
14056
13779
12845
12526
13420
15385
18326
18388
17577
18020
6031
5945
7953
8307
8335
10496
11315
11340
8689
4038
2989
3855
6356
5788
6706
8130
9008
7918
10182
9202
10025
10339
8819
9619
-1821
-1719
-312
-1287
2833
2925
4953
4252
4791
5172
7360
7502
10292
9591
6457
7827
10510
11076
9188
9142
8240
8344
6105
8429
-528
-1334
-2340
-3096
-2124
-2199
-5352
-5261
-4686
-5063
-4688
-2339
-4298
-3011
-6145
-5076
-6847
-10084
-11593
-14693
-17028
-18664
-19273
-20597
16359
16341
18416
19164
18793
16623
18386
19446
19434
20485
20247
20580
20894
20890
21731
23216
23414
23789
25584
25817
27631
25717
25016
26087
8339
6765
6300
7137
7091
9334
10365
6236
7424
7282
7615
8452
10038
10063
10677
10556
10125
10439
11099
9850
9221
7847
8180
7739
14658
14164
13670
13290
12637
13702
15674
15095
14719
13732
13437
14157
12833
16953
18791
18853
19186
22586
20062
23213
24888
25751
25955
25944
653
1320
1268
911
2749
1796
4500
3566
1816
3530
2021
2335
3637
4514
4542
3656
3350
3939
4240
6149
4230
3767
6678
7525
-3641
-4333
-3810
-3393
-5090
-4213
-2996
-2965
-2490
-5448
-6632
-9521
-8490
-8597
-10565
-10945
-8157
-6735
-8244
-8319
-7017
-4876
-2673
-1826
10462
9780
9946
11248
12142
8948
9842
8353
7681
4561
6275
5895
5316
4769
7793
7999
9255
10279
10268
9306
9387
7302
7186
7310
-2721
-3188
-3463
-4450
-5403
-4321
-3271
-1911
-2205
-3661
-2239
-580
-2257
-4949
-6344
-7650
-6285
-5052
-6305
-5777
-4522
-5475
-3613
-4639
3283
1930
2178
2121
3270
3417
2022
2560
5529
6530
4248
3638
3886
1937
311
2088
2065
1329
2375
1910
4532
5082
4148
5329
3645
4230
2647
3395
4814
3082
3213
2940
3199
1439
1804
1081
1181
562
1428
1761
-344
-1310
-1406
-1898
-3829
-1878
-3131
-530
5404
5108
4518
2630
4202
1386
1719
324
1932
476
568
2409
4502
5302
6672
7566
6870
9077
9410
8947
9978
9452
10335
11002
7313
8880
9664
13276
13609
14644
14214
14986
16079
11103
9845
7957
9883
8206
8539
7690
6746
7540
8184
6317
8766
8780
10521
8878
4352
4256
1732
921
-1007
-632
-2166
-215
-1976
-867
-132
1170
2755
-955
-246
1674
2149
6088
9300
10467
10018
11950
13284
13532
-3274
-4857
-5262
-3375
-2433
-1658
-1571
-3215
-2914
-2989
-3745
-4006
-5235
-5917
-5023
-6564
-7680
-8164
-10166
-10263
-9949
-9087
-8576
-9353
5767
5400
6765
6679
6331
6142
6754
7489
5182
7105
7094
6718
6632
5688
4105
6092
6351
5284
5670
4880
4208
7291
8206
7858
-811
-1107
-495
-213
-130
1868
-208
-235
2596
2929
980
1606
1865
2124
729
1701
-572
-2588
-4212
-4447
-3031
-1676
-1470
-1247
-1424
-2544
-2062
-2763
-1968
-1906
-1271
145
-556
1275
499
3899
2059
1805
5187
5311
3937
4298
5468
6890
8856
9231
7444
9006
3845
3744
644
2004
1981
210
3172
2416
2288
3653
2615
1577
2308
2119
3411
793
1386
-238
557
-66
399
1838
4900
2545
-9000
-11451
-12133
-12800
-13870
-16196
-15424
-15101
-16496
-15715
-14296
-15702
-15823
-16180
-16118
-16214
-15420
-13976
-10065
-9982
-12372
-12198
-11748
-12672
17822
17884
16187
15486
15834
14684
15322
14809
14021
13787
11839
15051
15590
16384
17051
16567
16650
15832
16364
17395
16703
19027
19747
22117
8124
7233
7598
8246
6718
7753
8516
7901
7963
7015
5527
3584
5146
7846
7725
7639
9376
6487
4978
2893
5368
7418
7659
4308
5551
4598
3897
4500
5206
3781
4827
5168
5230
6646
6154
8356
7330
7745
9125
12208
9048
9030
8254
9435
8648
9510
8282
8805
-5214
-3075
-2761
-3070
-2946
-3899
-3722
-2877
-2962
-3644
-3121
-3768
-4641
-3140
-1174
1257
4213
6122
6916
5166
5751
4493
3506
3577
2704
2415
2246
2494
2594
4453
5038
5779
4678
5472
7520
3790
2003
1050
-918
-4762
-6040
-6796
-7449
-6538
-4995
-3301
-3658
-2477
-8977
-8915
-8046
-7163
-8116
-7694
-7795
-8697
-9258
-7254
-7035
-8618
-6457
-6426
-8365
-9174
-6999
-6676
-6470
-6571
-6284
-7491
-7429
-7325
-2705
-5500
-2544
-6166
-6514
-6391
-7595
-7514
-10534
-10201
-9779
-10944
-13551
-16483
-17165
-16773
-17455
-17562
-18652
-16938
-16349
-16030
-19130
-20261
14412
14045
15801
14552
15583
16856
16128
17756
16010
15643
13755
13817
16535
16544
14576
14334
14242
17280
17818
20483
18638
19438
18737
19443
5928
4807
2890
1307
1652
2403
2370
1742
2477
1776
-1954
-2765
-2098
-2584
-1833
1318
216
-737
-2056
-2214
-1145
-173
-301
-678
744
2841
2464
1540
4063
1864
1833
2695
2574
1452
770
1327
2310
1534
-876
-1146
-3421
-4374
-2633
-2385
-1824
-1753
1285
36
-1037
-2024
-4246
-3636
-2334
-2409
-4155
-2519
-3620
-2705
-3020
-4278
-4804
-5569
-6522
-5813
-7208
-9061
-9482
-8574
-6331
-7306
-6343
-6719
-3330
-4871
-7049
-6255
-5727
-5479
-3272
-2891
-1860
-5402
-7026
-10628
-10295
-12380
-13981
-13240
-14104
-13845
-13271
-12217
-15682
-16222
-15062
-15105
4779
4746
5629
5888
6207
6521
7937
7479
7394
9931
9303
8297
8176
10035
11202
9953
10267
11061
10812
7678
8154
7540
6051
6892
3482
1565
2814
-611
265
1939
-1344
-1057
94
-3636
-4683
-6294
-5358
-6607
-7865
-7018
-8454
-9555
-8263
-8783
-7733
-9242
-10155
-10201
3902
6755
5717
6146
7511
7419
9161
10204
11371
12833
13248
13120
11890
12596
15023
14597
14130
15993
15311
17865
18905
18255
18397
19181
8232
7802
6849
7076
7995
8889
9002
9534
9658
9079
7329
6729
7814
7186
8382
7076
8643
9816
11176
9731
10316
8419
9266
12165
-4447
-3854
-4213
-2627
-1446
-1315
-2573
-2950
-2412
-2650
-2871
-188
3297
3972
4053
4720
8372
9518
8822
9812
8779
6873
6023
8073
5728
6561
8749
9734
9707
8596
8919
11563
12179
13421
12068
10819
11467
13039
13833
11118
11180
10754
10638
8553
9212
9410
10538
13494
1896
2051
2845
3512
2254
557
-834
60
3051
5651
6386
6782
6796
7573
7204
8793
9898
9355
8024
6904
7237
6292
8822
10098
-3117
-1321
1152
1718
460
-912
-699
-2337
-4225
-3587
-4166
-4954
-6650
-7828
-6729
-8373
-7625
-7233
-4815
-3733
-6874
-7368
-6633
-5463
5127
6077
6431
6230
3151
4570
5808
5762
6154
4835
5176
5280
7076
7212
8106
9680
8998
7972
9647
9245
10203
10558
10730
12476
4189
3461
1514
1741
703
-692
-2472
-730
1279
-52
936
918
-2182
-2566
-1772
-3144
-2186
-2868
-4117
-2877
-1288
1143
199
-754
-191
-2390
-3643
-1821
381
-534
-1691
-1851
-4220
-6222
-7848
-9965
-7470
-7243
-5313
-8550
-9503
-10834
-10920
-11298
-11092
-11820
-9700
-9346
7583
6628
6940
8447
7650
7167
5731
6018
4577
5303
5198
4768
7039
6824
5836
7131
5873
4757
7042
8092
5899
7127
7231
8744
5487
5934
7638
6911
8465
8344
9316
9691
10800
9070
7980
9282
4340
4627
5077
5478
6420
7486
5715
4572
5979
5874
7157
7863
-1542
-1802
-4066
-2896
-1243
-1866
-3511
-3000
-1393
2071
4902
8664
6023
3748
4794
4166
3598
2299
2019
1593
1748
814
1750
1100
-3014
-2787
-2622
-3880
-5577
-4275
-4194
-3841
-5538
-7806
-9178
-11283
-12330
-11595
-14695
-16026
-14204
-12921
-13388
-13440
-11389
-13391
-16628
-15347
-3691
-3851
-4533
-4638
-4986
-6434
-7460
-7106
-8167
-6536
-5642
-6732
-4684
-6948
-7182
-7344
-6216
-6560
-8645
-6400
-5839
-5945
-4899
-4576
-721
-1559
-853
1151
-1470
1213
329
939
1477
2981
1994
2872
4698
6639
6866
5283
5167
5500
2263
5663
2971
3907
4936
3373
1638
3352
5140
7467
7293
8336
10511
12073
12955
15979
14878
15875
14115
14729
14791
18276
17657
19265
19091
18104
18998
19060
16650
16208
-8935
-7555
-8918
-10888
-11726
-12152
-13692
-13671
-15694
-15407
-15120
-14787
-17394
-20372
-19266
-20902
-20317
-22214
-23275
-22160
-21983
-19891
-19902
-23022
-11007
-7753
-7776
-8375
-6157
-6858
-6383
-5716
-4063
-4622
-5601
-7800
-7573
-9658
-10584
-11124
-12904
-12679
-13780
-14068
-14499
-16061
-16553
-16833
18097
17803
16965
16539
11982
12687
11870
12645
13812
15523
15659
17227
17560
19370
19684
18130
18044
16672
16986
17575
17667
14567
13477
15180
-7284
-6919
-6396
-5094
-4881
-4633
-5946
-3617
-4109
-4216
-5277
-4944
-1861
-2637
-4534
-5163
-6482
-7299
-8365
-8768
-7622
-8495
-10477
-10144
3060
1959
-836
-2231
-4641
-6643
-6558
-6838
-5249
-6275
-6056
-7250
-7150
-6627
-6294
-9164
-8675
-9410
-9348
-8465
-9276
-10973
-11330
-11761
-9873
-6702
-5400
-4348
-1637
-1806
-777
-2149
-1482
-4813
-3784
-4991
-3840
-5098
-4839
-7668
-7285
-7149
-6114
-3602
-2620
-2558
-3545
-2514
410
1713
2233
4389
4371
4630
3352
3043
1095
1687
1749
4162
3406
3610
3714
2876
4072
4360
2190
3648
2207
4864
4899
5484
-3070
-2109
-3809
-2851
-5660
-5579
-3738
-4420
-5551
-6641
-9604
-11912
-14707
-15586
-16736
-15576
-15743
-14068
-14750
-16530
-16764
-18963
-18630
-16936
1690
2484
-1138
-1839
-2196
-1302
-2255
-972
-1215
-1763
-1589
-3232
-631
-1028
-2286
-377
-4778
-5412
-8241
-10108
-10812
-11955
-11256
-12357
-5115
-5140
-3586
-2718
-536
264
-1958
-2192
-979
398
731
1106
256
-741
948
1496
2649
1946
2897
5288
5465
7431
7942
10838
1313
1417
-897
-2677
-2741
864
3547
2933
3139
4880
2795
3288
3556
3733
2090
-792
-2333
-3150
-5422
-4596
-7174
-9133
-9747
-10030
3918
2931
1986
2880
1485
2152
780
-478
88
-1358
-1277
-2264
-5777
-5802
-5575
-4525
-5551
-5447
-4163
-5107
-2360
-2298
832
590
-224
-1419
-320
-2458
-1596
-2292
-3645
-3101
-2001
-1107
-1549
-1499
-1691
-1043
-3926
-3822
-4333
-2953
-2059
-831
534
4019
3064
1828
566
3590
6226
5761
5590
4803
2393
6386
5937
7220
8086
9629
12022
11070
10708
11022
11689
12255
13444
13022
13689
13948
10734
7742
-27
166
-191
2012
2408
1480
546
650
841
1906
4464
4346
4239
3882
3859
2606
2939
2853
2276
1919
2476
1700
564
349
2965
4267
4742
7190
8451
8603
7815
8609
9567
12487
10017
10677
10739
9177
8751
9481
8434
8884
8986
9889
7468
6264
5142
5401
-10090
-11806
-14333
-14167
-15236
-15311
-16308
-16089
-15268
-18558
-16736
-15481
-16603
-14555
-12252
-12683
-12708
-10785
-12192
-13651
-13538
-13182
-12870
-13164
5934
6427
9131
8281
7017
8397
8874
9789
9441
9366
10480
11594
10085
10373
10545
11576
10840
11575
13443
10554
12039
11052
11359
10406
3173
3506
5855
5484
8395
6604
7051
7365
9416
9749
11869
12358
13783
13686
13166
10391
9763
9855
7887
7028
7287
6122
8297
8820
4675
4737
6483
5340
2320
3622
5316
5397
7661
7554
8083
6759
5502
3529
4114
4489
3231
1982
1939
3000
4909
6444
6648
3820
-1936
-2733
159
1983
2025
2440
1783
-1317
649
711
-1394
-1196
-914
-852
-2529
-3713
-5169
-6166
-6095
-4967
-5502
-3426
-3595
-1754
-5987
-5132
-5299
-5199
-4676
-3346
-2173
-4425
-4198
-3011
-1728
-2220
-3469
-4793
-4371
-6792
-6406
-5631
-4350
-3712
-5194
-4935
-3555
-3776
-3933
-5601
-4608
-4416
-4157
-5364
-7061
-8204
-8688
-8793
-9894
-13624
-13031
-14919
-13239
-14822
-13279
-13785
-14385
-15810
-15225
-15112
-16780
-16718
-8123
-8968
-8057
-5562
-5866
-5277
-5769
-5230
-5849
-5399
-8194
-7300
-9843
-9478
-10579
-7428
-8110
-8785
-7363
-5986
-6407
-7089
-8076
-5540
1555
2030
2344
949
1396
1466
426
1806
-1408
-1210
-896
-311
1047
1189
237
2984
4281
3787
3105
3005
4186
1750
2328
1437
-6056
-5742
-4739
-2876
-1852
-2644
-3326
-2667
-1358
-4492
-5898
-2874
-3575
-4013
-4666
-3034
-1994
-3577
-7504
-6723
-5091
-6181
-6198
-7236
4550
7108
7454
5506
5839
5624
5262
5307
5703
5670
4107
5157
4475
5392
5569
5546
6692
6674
7312
6211
6544
3453
3630
2809
1491
199
-382
-2025
-2635
-2877
-4506
-5514
-5273
-3939
-2899
-3696
-6106
-7364
-6752
-7235
-9311
-7338
-5922
-5894
-5237
-5312
-4780
-4880
6354
6116
3415
1772
-806
573
1421
1112
2006
3929
2839
4851
5211
5090
5622
5845
2745
1007
54
-1707
-676
-985
-3931
-914
10867
11232
9191
8953
10149
9027
12178
15057
13850
13508
11925
10959
11971
12230
11413
11778
13619
14481
15764
17249
15572
14890
12927
12618
-843
630
-208
-2481
-1949
-4148
-5291
-4559
-7482
-7986
-5108
-5165
-5595
-3915
-6020
-5675
-7549
-6884
-6084
-4874
-4207
-1823
-3229
-3957
-8405
-10627
-10571
-12268
-14236
-11170
-9751
-9837
-7260
-7356
-7867
-5337
-8783
-7798
-11337
-13413
-14460
-13761
-13123
-11467
-11627
-8909
-8900
-8946
-4835
-3936
-1888
-3146
-4268
-2846
-4241
-2872
-2890
-4818
-6421
-7015
-6477
-8257
-9464
-10210
-11300
-13458
-11952
-10724
-12999
-13649
-13770
-13923
8959
8480
8176
8743
7857
8442
11000
9254
5407
8579
6819
5394
5371
4040
4760
3659
3554
1858
1501
1834
4435
4497
3450
2451
27
1634
2326
2246
2160
2337
5027
8686
7355
5639
3229
1376
1057
-423
-1158
983
-160
17
-1566
-3021
-5126
-8363
-9946
-10021
2502
2773
1776
2443
4370
3121
3902
5829
5818
9122
8888
7211
10501
9975
12470
13082
15892
14634
14588
17278
18275
18117
18094
18495
365
-1062
-446
-562
-1811
-1916
-546
-2055
-3713
-4991
-4704
-6977
-7334
-7252
-7082
-9857
-7153
-6433
-5910
-8434
-8541
-8879
-11215
-11794
-4455
-3665
-4482
-4830
-4589
-1805
-2325
-4139
-2532
-2516
-1633
-966
-2056
-1528
-3111
-3594
-5990
-5835
-4916
-6288
-6853
-5483
-4826
-5561
-2006
-3635
-3205
-3223
-2488
-3741
-4696
-3614
-5060
-773
-4198
-4346
-3715
-4443
-4677
-6393
-7140
-6970
-6364
-6769
-6102
-5160
-3783
-3998
10888
11175
7214
7502
7342
6148
8448
6427
7614
7873
8096
9220
10119
10473
9717
10031
7610
9106
10302
9954
9020
9385
10105
8291
-3064
-2898
-4954
-3371
-2712
-4660
-8202
-7773
-9057
-7991
-8939
-9965
-8925
-9912
-10531
-10617
-13865
-12443
-12319
-13462
-13749
-14546
-14465
-14079
-6298
-6613
-6855
-4415
-1954
-2710
-4014
-4362
-4253
-4340
-2410
-4515
-6717
-7661
-5106
-4240
-2477
-1427
-1736
-1069
-717
-363
-367
935
3728
2145
2276
-1651
-1265
-399
788
1099
2728
2352
3750
3027
3077
2333
2666
2073
2448
1053
-1511
-1764
-3596
-718
-846
-2177
11715
11335
11492
12542
14178
13713
12392
11001
11668
12746
10955
11132
11194
12273
11329
10907
10686
11531
13124
13830
14687
14200
12828
12980
10628
13059
14111
14281
13554
15296
16591
16653
17124
18155
15387
15891
17186
16387
15044
16204
16012
18251
17894
16888
15630
15009
17422
17453
6446
5935
5424
2290
3624
3943
5226
6120
4255
3788
6137
5131
7207
6511
5882
6420
8663
8725
9676
9692
9869
11458
10514
11797
-1353
-2099
-2427
-3109
-2148
-2092
-460
533
-745
3166
3191
6403
7537
9165
4933
4858
4616
4420
6420
5655
5832
6009
5356
5465
9376
9324
9962
8482
7233
8379
8304
7757
5395
5519
7889
8066
6671
7711
9203
9191
10808
10011
10534
10434
9481
9925
7224
10478
-18981
-18124
-19214
-19640
-19265
-20106
-20284
-16926
-17147
-18961
-18857
-20825
-22956
-20944
-22357
-23301
-24476
-21786
-21432
-23625
-23662
-23570
-26033
-27343
17462
18352
18727
20082
23179
22380
23760
24317
24271
24375
27204
28480
26666
28458
27915
26657
26990
26560
26961
24551
26709
27283
25469
26136
-3172
-1668
-5668
-5842
-5780
-3097
-2783
-2408
-3332
-3741
-2439
-1833
-129
576
2115
3261
2452
450
2067
2787
3006
1695
1872
917
-2823
-2133
-3505
-3957
-4841
-6424
-3663
-2611
-3220
-2680
-3047
-4073
-4687
-4102
-3052
-2887
-2824
-3872
-2639
-4785
-3547
-403
-1138
542
2929
2843
3949
4989
6369
6092
7349
7682
9878
9636
9855
10169
9920
10253
10678
10389
8806
10307
12787
10785
11108
10206
8779
7753
-10216
-12237
-11185
-10410
-9762
-9234
-8120
-8195
-8877
-9993
-9326
-7907
-9164
-8717
-9055
-6685
-5269
-5549
-8344
-7364
-7198
-7487
-7356
-10156
-8759
-9922
-9589
-8883
-9304
-11157
-10761
-9491
-6933
-8305
-7265
-7499
-8118
-6816
-6777
-4854
-4028
-3957
-4618
-5374
-5630
-6056
-5670
-5193
1015
3672
4684
8023
6397
6772
7730
7077
10160
9991
10988
12798
12624
13926
13637
13470
13532
11416
9258
11501
11515
11651
10298
9040
-12201
-13596
-15840
-14530
-14630
-15627
-13306
-13329
-12027
-12824
-11607
-9893
-8130
-7492
-6593
-5447
-5441
-9978
-9962
-8287
-8969
-8446
-9548
-9898
-2112
-1853
-1215
-2858
-4150
-3764
-1163
-1249
-2541
-4238
-6781
-6677
-6511
-5628
-7127
-5311
-4392
-4367
-2955
-2466
-4143
-1251
-123
-3745
-6513
-7885
-10985
-13090
-13616
-14362
-15036
-14443
-12003
-9111
-10923
-8219
-6630
-4419
-6754
-3898
-7668
-9297
-7555
-7965
-8070
-8684
-8622
-8299
-468
517
1243
2162
2087
575
-526
-508
652
460
983
4045
4886
5695
6425
6049
4237
4253
5715
6651
5267
4566
3308
4341
6018
7064
6111
8180
9883
8955
8557
8534
6030
8332
9363
9704
10891
12383
12106
11119
10709
10936
11982
13731
16162
14913
17408
17724
7219
8003
6440
6475
7472
5795
6318
9356
9182
10378
7141
8099
7723
9561
12524
13832
11830
9608
11700
11762
12076
15137
14436
14390
-4651
-5636
-6007
-5693
-5445
-3143
-2793
-2722
-3017
574
888
70
1853
-2
-297
2670
3003
1631
1849
1555
710
28
1134
358
-6352
-7400
-7858
-9253
-10279
-9580
-11990
-10337
-9881
-11253
-11276
-11580
-14600
-15731
-16980
-13307
-14681
-15153
-14746
-15699
-12473
-10798
-10926
-14411
4958
5877
6813
6383
7118
7641
5808
5775
5118
3860
2570
2666
1974
3233
3126
4072
4689
3683
5606
7320
7628
7690
9486
8824
9895
9242
8738
9769
9304
10098
10412
12044
13211
13938
12050
13659
13139
12152
12709
12069
10426
10562
10110
10417
9086
10578
12823
11953
13554
15055
14400
13760
15495
15200
17613
15508
15078
16109
15437
18461
19763
19688
19162
19890
15658
17333
17552
17875
16888
17147
16680
16605
0
-105
710
1557
3988
5812
3986
4767
4336
3910
4772
6822
7243
8215
11239
8105
8931
7830
7201
8247
10408
10722
10784
10244
8356
7037
8395
8320
6412
5656
7451
8684
10091
8948
11233
10415
8472
6914
6672
4535
7938
6261
7833
8500
8120
9674
9982
9881
9180
7996
8209
8191
6189
6810
9514
9088
9863
9210
8474
8830
10132
10926
0
946
3134
2094
4553
5540
5852
4528
1375
349
-679
311
-839
-1521
445
1937
1451
498
785
852
1746
591
-992
-2742
-5205
-4620
-3067
-1921
-2468
-1173
1322
630
-1372
-1877
135
197
-1060
248
1503
1836
193
406
1634
2475
695
715
-657
124
-2183
-2508
-3587
-4457
-3488
-3836
-2156
-436
-1192
-3255
-2922
-6441
-8911
-12011
-13594
-15615
-16864
-17546
0
-1372
1041
422
-1255
-2221
-1355
-950
-1002
-385
-1372
-2107
-3360
-3527
-3071
-2025
1187
661
-1227
25
134
448
-214
-152
1391
216
693
-209
-1636
-2453
-121
-1569
-1670
-1337
-727
-89
-1530
-1175
-2758
-2471
-3172
-2725
-4402
-5262
-4581
-5304
-4273
-2939
-3443
-6923
-5412
-6250
-6304
-6640
-6612
-5232
-5026
-4935
-4612
-3581
-2827
-4775
0
511
-265
-1612
-3758
-2718
320
-3199
-5013
-4452
-5080
-4360
-6362
-4992
-5317
-5246
-5588
-3203
-5171
-4277
-1105
-1265
-1046
-1591
-1199
-1776
697
2538
1906
1287
2245
589
3860
5656
6550
7344
4224
3532
4575
5762
9179
9878
8295
7626
7959
5686
5443
5535
7778
8777
10779
12666
10398
10795
11114
10186
8750
7419
6141
7565
7689
0
-682
-693
-1531
-747
-685
-2949
-2356
-2472
-3173
-4072
-3398
-4459
-3843
-3555
-2761
-4404
-5526
-4637
-1613
-1187
-2708
-2794
-3206
-5587
-5571
-5323
-8343
-7804
-9692
-7009
-11355
-12476
-12071
-9449
-11041
-10310
-10470
-12974
-13833
-14777
-13695
-13770
-12521
-15729
-14350
-12330
-13640
-14070
-14145
-17373
-16987
-17669
-15111
-13892
-12054
-11899
-12188
-12107
-12808
0
-1434
-1372
-1447
480
-1300
2
-1454
636
-863
242
2172
618
-395
-240
386
-3133
-2398
-3655
-2081
-4200
-4475
-5963
-8196
-10952
-12094
-11249
-12350
-12336
-12986
-12672
-12966
-11728
-13052
-13912
-11020
-10357
-11729
-11254
-12259
-10007
-7811
-8241
-8761
-9443
-10281
-9135
-9764
-10256
-10750
-13303
-12592
-13682
-13473
-12190
-11491
-11932
-10513
-10890
-10997
0
-776
-1704
-1999
-2036
-578
-958
-1450
-1807
-520
-1384
-1070
97
-344
721
969
602
2018
2131
759
-1387
-2260
-2888
-4585
-4608
-7845
-7370
-7303
-7410
-8407
-9320
-8082
-9562
-9166
-11439
-14038
-12318
-13649
-11447
-13680
-13273
-13338
-11911
-12653
-13597
-14247
-14049
-14452
-14690
-14069
-14751
-12846
-11732
-11317
-11606
-14686
-15599
-13676
-14386
-13783
-13765
-15590
0
-845
-2733
-2162
-1808
-777
-1011
-2959
-3641
-3659
-4897
-3896
-5337
-3684
-2916
-1227
-1584
-2965
-1727
-1843
-1226
-1961
-810
-977
-894
-2339
-4612
-4676
-5033
-2776
-4453
-6097
-5690
-4562
-4858
-3818
-1579
-548
-694
-4216
-3095
-4907
-5198
-7118
-8627
-10732
-10974
-13247
-14085
-14442
-13023
-12637
-14218
-15895
-17290
-17003
-16960
-17006
-16286
-16791
-13753
-12969
-13810
0
667
1190
759
-194
-2393
-2189
-2161
-3114
-2684
-5921
-2965
-2128
-622
-814
-2138
-1344
-2780
-2553
-2074
16
-1315
-1908
-1188
200
867
1325
278
2535
1548
2630
52
1862
740
-538
-1166
-2538
-3106
-4008
-3895
-277
170
-415
-5121
-3280
-2249
-4029
-6492
-6212
-6869
-6976
-7930
-7153
-7387
-8048
-5830
-3713
-3653
-4691
-5231
-6656
-5547
-5062
0
-1812
-2727
208
625
1210
1877
-838
-505
-800
-738
-90
339
-499
981
1595
3345
3593
3570
5408
5453
4509
5679
5574
7501
8987
7886
7914
5646
5406
4305
6863
6747
4609
5372
5748
4908
6431
6178
7994
8983
10615
10193
9291
9404
6284
7078
6488
5116
4192
4023
2021
3254
2787
4796
8977
7861
6047
8506
8337
7614
7122
7696
0
-2254
-3888
-3600
-6512
-8228
-5077
-7139
-8585
-9132
-10504
-9729
-11124
-10225
-8618
-9740
-8625
-7067
-6799
-6370
-4004
-5253
-4222
-2664
-3346
-5348
-5341
-5008
-6449
-3635
-3312
-4426
-2503
-1709
-2385
-2010
-2684
-3628
-310
-3735
-3810
-5590
-6616
-3898
-6727
-6206
-5873
-6134
-7016
-9352
-9981
-8941
-7328
-8074
-9751
-8584
-5560
-5478
-3755
-6629
-5346
-6595
-7025
-6906
-9715
0
1824
1195
1723
7
164
22
355
480
728
832
2375
2039
2841
2787
2803
5892
4968
3339
2299
1617
1645
2841
481
435
-1723
-1519
-2737
-2844
-2181
-2119
-5336
-4290
-2282
-3184
-3461
-1805
-1193
-860
-1488
-2361
-4382
-5593
-3879
-4048
-1702
-1170
-2114
-3435
-625
-102
70
602
-1620
-593
440
-54
1248
1771
1423
-86
132
0
-1216
-70
-752
23
-1161
-1908
-3364
-2705
-2284
-1437
-2715
-2648
-6880
-5941
-7294
-9108
-6924
-7509
-8415
-10092
-9824
-12351
-13348
-12312
-14314
-11415
-13491
-14173
-12542
-12836
-12854
-13346
-13893
-15212
-14795
-13755
-15948
-16435
-15797
-15968
-17037
-18159
-19572
-18870
-20702
-22704
-20469
-19821
-20685
-20919
-21945
-22020
-22485
-22099
-19708
-19009
-19315
-20268
-19586
0
287
-489
-1884
-1853
-1342
-1385
-1723
-3118
-2701
-3844
-5658
-4877
-8396
-8565
-10391
-10058
-11236
-10442
-11490
-12605
-10713
-11070
-8054
-8956
-8094
-9648
-10424
-9761
-8527
-8761
-9674
-9887
-9495
-11078
-11458
-11408
-11003
-10941
-10058
-10279
-11495
-10471
-9064
-10166
-12399
-11224
-8460
-8141
-7726
-7340
-7649
-8133
-7874
-9301
-6925
-6340
-7964
-6933
-4584
-4826
-4032
0
-1948
436
755
-691
918
1837
2369
4132
4046
4908
4416
2143
4513
5993
6468
3178
4040
5071
6652
7027
6001
5644
6438
7857
7961
9316
7891
8785
8820
10056
8315
6345
4586
3954
2696
4789
4803
3220
3365
4396
2245
2588
3319
4926
6365
6501
5976
4833
6386
6226
4401
4124
3442
205
368
393
1344
1658
1228
1866
4996
8794
0
-997
1631
4062
2926
1481
1856
3268
4900
3722
5358
6345
7973
7739
5907
7326
6903
8903
8030
6467
6944
7054
7079
5760
6941
6788
4210
5137
4780
1355
2720
2050
3635
3991
2314
2071
3624
3244
3604
4451
6101
7132
7025
4920
5803
4106
4439
4753
4052
4935
5331
5505
5679
6264
5446
6748
4475
3218
3090
4749
3688
3915
5217
5194
5644
0
593
1746
2845
3781
3843
4432
4272
1349
2060
2583
3811
7169
9471
11149
10196
7974
6258
7436
9429
11297
11495
13570
13463
13388
12738
11886
11163
9246
9054
10729
9723
9794
8545
6829
7162
8131
6047
7736
8772
9822
10400
10646
12569
13818
14077
13910
14522
14425
15720
15019
14347
15110
15378
13376
15998
14908
15534
13606
15086
14005
10078
0
-903
-2195
-3715
-544
-1570
-2135
-865
-970
-1591
-5321
-6109
-5309
-5714
-5867
-5328
-6700
-7619
-5569
-7152
-6872
-7398
-7389
-4306
-2945
-3573
-2894
-4999
-4712
-4696
-4551
-3779
-4713
-4181
-6541
-8638
-9896
-8811
-15298
-16609
-18714
-20464
-20592
-21160
-17508
-17583
-20515
-20810
-19595
-19030
-20279
-18905
-19829
-19515
-17379
-18036
-19516
-18690
-17864
-15424
-15510
-14364
0
-1406
-1855
-1330
224
1507
4144
4363
328
720
1032
1245
700
-1188
-1107
-1411
-2806
-4932
-6359
-6707
-5561
-6871
-6957
-6477
-4554
-4266
-5775
-3321
-3784
-3504
-339
-116
-1122
-285
2593
1477
1791
6539
8234
6903
8903
7654
6655
3407
5407
3778
4635
2066
1526
226
774
2057
765
-1049
-1124
-476
-2091
-4208
-3509
-2774
-3470
-3127
-2752
0
28
2377
1695
4505
5995
6701
9852
10541
7766
9480
7945
9577
9066
6603
5231
5302
4293
6198
5598
3650
3796
5100
3428
653
1157
819
1979
-1238
-1264
-605
-2646
79
-347
-1910
-3525
-3607
-3173
-4179
-2478
-1250
-3326
-6121
-7548
-9874
-7022
-7975
-8676
-12215
-11442
-13508
-12849
-11955
-11161
-9806
-8619
-9991
-8690
-7274
0
-121
-803
-2052
-1529
-3341
-2338
-1671
-610
-2138
-172
351
1018
1108
3269
4205
5528
6051
5965
4268
3262
3576
3219
4550
3774
2353
2278
2592
2377
2625
2350
955
-210
-1346
-3043
-2224
-1849
-1704
-2183
-1609
-1666
-2463
-2697
-829
-281
-1628
-2514
-353
712
916
2302
4046
4334
5294
3814
3791
3862
1974
579
1227
3274
2173
1681
1574
179
197
0
-640
-578
-349
-761
-1099
-2357
-1882
-1354
-1982
-2408
-1518
502
1013
168
554
447
-1555
-963
-2443
-4024
-1529
-1289
1415
2256
2648
2846
268
1612
1507
5119
6103
8625
6561
8275
8608
6503
5516
3317
5365
4359
3636
3561
136
647
-1458
-2402
-2995
-1966
-603
-323
-1205
-1610
-1287
728
1294
-520
3242
3816
6230
0
-953
-106
-1729
-34
494
1288
1777
1981
3822
5192
3934
4047
6013
7393
7292
6986
7482
6691
7690
10841
9854
10997
10471
10350
13033
12671
16791
17039
16735
17474
15621
15180
13535
16057
18300
16933
15989
14040
12875
11473
10791
11383
12738
12997
12378
11288
10031
8856
8266
7361
7127
7775
7793
9702
9705
8761
8466
9699
8515
8721
7349
0
-614
417
1833
3388
3017
2665
2706
2180
1824
1520
723
-649
-295
-605
-797
122
-2496
-2400
-5385
-6372
-7034
-6328
-7586
-8243
-8359
-6985
-7929
-7947
-8934
-6883
-4640
-2717
-2299
-2280
-3277
-215
1836
2876
3461
2696
2534
6445
5323
5153
5183
5086
5426
6906
6710
8534
8543
11562
11320
11026
8555
6375
7062
6056
5792
6700
0
-735
-537
-60
-302
-1303
-1491
-519
-1506
-1336
-2919
-790
370
1217
379
-1259
-3532
-2028
-1897
-2992
-3757
-3803
-4504
-1903
655
-1233
-3797
-5474
-2676
-1353
-3408
-1247
-2892
-2559
340
-1671
532
-407
-560
-840
-1536
-742
1419
1711
1619
-517
-2038
-2022
-1238
-1595
-1784
-787
282
344
1709
3182
3029
3552
4397
3715
615
0
1911
3412
2989
4071
4965
4482
3569
4154
5016
6186
6519
7030
6033
5793
7173
8727
9312
8630
7625
7948
10791
11177
12390
13107
10312
8669
9444
11410
14220
12218
14795
12291
14630
13819
14152
15788
16934
16586
18424
15161
15617
14820
10705
9697
8440
9774
10480
9525
8864
7911
6170
6159
4901
6299
3889
3782
3707
795
210
-777
-2331
-1746
-3389
0
-101
976
4059
2829
3853
5968
6019
6782
5829
7759
8270
9483
9816
11863
10234
9290
8934
7571
6510
6526
9038
9100
10643
12201
13964
13188
14299
15257
12815
14410
13970
14026
12695
10191
10431
8985
10644
9000
8109
8098
8807
9396
7353
6302
6643
6998
6527
7050
5082
5474
4521
4091
4363
4379
3651
5492
5967
4290
4244
3959
2587
2230
2478
2684
0
1167
1051
1845
569
-532
802
2916
3230
1282
1459
-509
-2123
-1768
-3859
-5149
-5757
-4544
-5130
-2299
-3295
-4239
-5015
-6692
-6986
-5872
-8120
-7301
-10854
-8470
-6079
-5618
-5833
-5688
-7622
-6723
-7311
-8560
-8337
-10422
-8747
-8048
-8698
-9956
-10638
-10411
-11472
-13671
-14562
-14724
-15406
-16773
-13373
-15018
-14981
-16855
-13831
-15389
-13700
-13473
-12261
-11303
-11985
0
31
-922
443
567
534
1269
11
-2053
-2245
-3420
-2941
-3091
-5061
-7166
-5681
-4326
-4264
-3923
-3217
-2632
-1969
-632
-782
588
199
2268
4896
4402
5725
5137
6513
5465
5108
2238
3744
4784
4884
5707
6292
3463
5052
3407
1844
2198
1245
88
-1914
-3664
-3544
-4971
-5124
-6382
-9924
-11507
-12208
-11062
-12425
-12667
-13736
-14856
-13501
0
-1237
-1416
-2233
-3167
-1244
90
-1031
-2559
-1784
-2779
-3373
-3169
-3423
-3054
-3140
-1594
-1809
-894
-694
-1207
-2465
-2832
632
-715
452
671
-578
-1531
-756
-2703
-4535
-4546
-3847
-3190
-2349
-4370
-4708
-3466
-2508
-2636
-497
-1871
-1077
-3016
-4274
-4966
-4768
-4105
-1461
-2487
-3882
-5277
-5927
-5033
-4156
-6545
-4470
-4577
-3754
-6323
-9959
0
958
1019
169
-701
-1603
-1061
-171
-1082
2062
2097
-167
-2366
-3467
-4560
-6006
-5893
-8051
-7204
-6890
-5527
-8715
-8103
-7890
-6516
-4643
-6457
-6615
-6005
-5012
-3981
-2915
-3221
-4479
-5026
-5017
-4485
-4469
-3167
-3105
-3631
-2395
-3235
-4179
-5606
-5643
-3802
-2635
-2321
110
1788
2476
4317
3950
3893
4401
1991
1634
878
3206
3085
2153
1308
-1792
-427
0
667
1053
1528
1652
1804
1103
-19
-449
-2372
-5703
-4575
-6523
-7712
-9817
-10057
-10985
-12357
-13103
-15554
-17493
-18562
-20205
-19165
-19084
-19525
-19206
-19490
-22068
-18776
-19395
-23185
-20803
-21905
-23162
-22268
-19693
-18401
-16858
-15095
-14868
-13508
-13682
-13814
-14506
-12033
-10905
-12211
-13982
-13586
-14385
-14490
-12329
-8670
-10070
-10940
-8166
-6350
-3267
-2395
-1872
-1205
-127
-675
0
-1445
-1417
-250
-419
-2294
-3291
-5041
-3452
-2306
-713
-65
-989
-4779
-3729
-2881
-1059
-2283
-3532
-2862
-3700
-4034
-695
302
-1897
-3865
-4222
-3197
-3357
-2582
-4857
-3555
-3390
-4013
-4038
-4898
-1498
-370
-225
2430
2121
2759
3433
1588
2755
2959
6131
8288
6203
5584
3958
2423
5553
6280
6342
8183
6215
5867
5842
6175
7807
7803
0
-3386
-3734
-3433
-4062
-5799
-3241
-2652
-4329
-4760
-4472
-4180
-3733
-3461
-3319
-2996
-1538
-683
164
11
1348
1871
364
-547
-72
-10
3117
906
1864
1236
3582
3230
5920
5479
7388
9883
11646
13321
11476
9717
7937
4615
1849
5000
4386
4960
5896
6835
4384
5159
5733
4118
5346
5511
6043
6313
5936
6106
7408
7518
5516
0
407
-580
359
755
1088
-2873
-4841
-6809
-6916
-7681
-9807
-6407
-7001
-7097
-6322
-5930
-5313
-5184
-2306
-2244
-3493
-5555
-6621
-8589
-7393
-8075
-9658
-11472
-10766
-12024
-12706
-10923
-7711
-8393
-5101
-6150
-7052
-7408
-9022
-9840
-8126
-8451
-9541
-8501
-4867
-1596
2900
5579
1789
742
238
-5
3586
3039
4969
6459
5731
2857
2431
1383
282
1097
0
-1583
-2075
-695
-2663
-4225
-3179
-4281
-1577
2334
1847
319
1140
1399
-1105
-65
-1521
-3469
-1455
-753
298
2835
-416
-3841
-4126
-2572
-2049
1333
881
1222
2599
2879
3798
6314
7208
6370
6574
7702
6318
6803
5567
8076
10759
11103
9018
9493
8811
11242
10862
8507
8578
8420
7719
6785
7585
7897
6273
4635
5021
4806
0
2935
3331
5258
5896
8369
9536
11827
10779
11093
12721
11777
11420
13377
14103
13179
13438
12756
11498
11560
10444
11475
11379
10832
9731
6955
6326
4324
4898
4415
4729
5857
6712
9334
11892
10905
11433
8008
10226
12666
13062
11926
12007
14271
14519
13270
14138
15049
14840
14971
12664
15091
15414
12910
13169
14673
14243
16314
14731
15259
16231
13958
13339
0
-1441
-1055
993
1702
1597
-164
2138
4520
3533
2904
2919
4352
2153
4544
5434
5306
6346
4710
3620
6339
5352
7783
7489
6697
7364
8258
7137
6792
8284
8617
8375
8400
8815
6320
4299
6222
6555
5758
3369
4776
3977
3185
3046
2513
-234
25
-1569
-2871
-3228
-2082
-1032
-333
-610
1309
-203
2753
3981
4864
5570
5884
0
-1258
331
89
1217
2718
194
623
1070
2892
-188
1177
-1598
-459
153
472
-508
191
-606
-191
1484
2026
2549
3358
2297
2630
3252
2226
-163
-612
995
564
609
-911
1374
2525
942
1046
-1261
-1618
-2409
149
-1495
-2283
-2079
-2225
-2711
-3067
-3153
-4402
-3608
-5433
-2466
-2489
-2262
-1535
-2135
-2765
-5207
-6538
-6226
-7903
-8031
-8807
-9342
-11039
0
-2244
-4904
-6718
-8686
-8846
-8811
-9764
-6613
-5886
-5490
-7228
-6197
-7319
-7835
-8957
-8920
-9431
-6489
-8428
-10483
-7165
-6459
-3823
-3158
-4456
-5409
-2851
-403
-2596
-3297
-2649
-3824
-4999
-4666
-3520
-3280
-2830
-1177
995
1681
1867
-543
-2186
-1872
-1349
-1225
-1835
-1470
-1683
-1187
-2172
-2873
-2811
-1780
-2713
-1297
-3613
-4823
-3672
-187
-539
50
-81
0
-1372
-2703
-3207
-4701
-4305
-4309
-3663
-1949
-2495
-618
-977
-2649
-2964
-1662
-1902
-2584
-2522
-2963
-3781
-2494
-1719
-1114
-1545
1077
1484
802
906
386
-337
275
980
2980
1230
-333
-317
524
-463
-1280
-1846
-2024
-3021
-4664
-5913
-6229
-7351
-7718
-6757
-7879
-7294
-4647
-5300
-4377
-4807
-2807
-2474
-3230
-4651
-4825
-5778
-3283
-3085
-2473
-359
-466
1582
0
206
-1377
464
-1780
-1257
-2871
-3248
-3670
-2347
-6194
-6797
-8389
-7659
-9966
-8679
-7396
-9867
-11840
-13022
-13068
-10978
-10279
-11203
-10536
-6945
-5004
-5594
-7095
-7173
-6758
-7711
-8082
-6854
-6331
-4088
-3556
-2889
-4263
-2691
-3373
-1987
-3528
-3749
-2635
-982
-2879
-2525
-1494
74
-1967
-6829
-9051
-7980
-8681
-9112
-11522
-9681
-8398
-9080
-12200
-11242
0
1523
-120
3172
5667
2724
263
-346
-1047
-1070
-1008
-2286
-3393
-3060
-3742
-2047
-2729
-2343
-2764
-2347
-5447
-6358
-6784
-6307
-6078
-3388
-5256
-5409
-6028
-5936
-5113
-6519
-5479
-6874
-6981
-6967
-5035
-4973
-4450
-6901
-8212
-9280
-8613
-8184
-8074
-7720
-6727
-5681
-6040
-2896
-4846
-4492
-4042
-2846
173
2497
4444
4591
8711
6709
8093
9443
8761
7123
7321
0
1040
3598
2349
3336
1639
5124
3363
4037
3599
1785
1564
-303
-1937
-269
-145
-1246
677
-1020
-261
-943
1740
2634
1835
167
2410
4612
6961
4193
6207
9224
8542
7170
7195
7393
4932
6056
5680
4632
3340
2639
1851
1169
-833
-145
717
-1345
-133
825
1860
494
1913
1231
2533
939
1974
-415
96
2906
5699
4022
3479
3624
2825
0
972
2032
5510
6642
10233
8368
11658
14495
12974
13755
15852
16845
16803
17122
17235
16390
16468
16666
16236
16550
16376
16798
15479
12684
15388
14048
12456
11469
10220
10596
9946
8940
10100
9408
8746
8366
11808
10131
11025
9516
8618
9465
9337
8718
10022
11584
10335
10397
9474
10776
11328
11480
10823
9944
10086
8577
6167
7842
0
2704
3037
5366
6649
8785
8062
6617
9747
9953
9147
10349
11048
10501
13332
13591
13715
12709
13749
14082
14457
13199
11992
11635
10513
12351
11093
14159
12189
10858
9534
8737
9070
11565
14108
13732
13489
12483
10303
10526
10169
8230
8498
7206
5750
5510
6429
9119
8969
8568
7867
8396
7876
4953
4527
4170
3650
1417
2361
5344
6751
6851
8944
7437
0
-1644
1464
1860
3162
-685
-1828
-1184
638
2515
3287
1379
-1199
-2530
255
-1903
233
654
2769
1374
-1341
-2023
-2517
-2142
-996
570
1300
-648
-2291
-1497
-1822
-1595
-776
-517
68
-1746
-4406
-3104
-4801
-5253
-4359
-3309
-1677
-3049
-3993
-5473
-7285
-11132
-13365
-14162
-14961
-14947
-15243
-15641
-15579
-15732
-16012
-15908
-13985
-11129
-11092
-11568
0
364
-1008
-2050
-3925
-2791
-3492
-5046
-4096
-4366
-1126
-839
-2234
-2134
-581
-565
-977
259
546
1131
1818
2077
1376
1997
1852
2327
1443
499
-4226
-4212
-4364
-2884
-2930
-4573
-4511
-6628
-6305
-5982
-3716
-1139
-2240
-651
2702
3660
3837
3290
4065
4358
5078
6709
7095
7762
6756
6074
8189
6563
5881
5895
4908
5823
4314
5045
4991
0
2349
2735
5446
5339
3898
5200
4844
4684
4357
3192
3254
3650
2326
356
135
-966
-2096
-3051
-2345
-3393
-3628
-7170
-7831
-6277
-4368
-1746
2242
2215
2534
2225
4361
2529
1123
2107
4236
4108
2777
2095
4037
632
-1086
-1370
2409
2061
1940
189
718
1679
1714
4336
3979
2263
3597
3586
2141
1144
618
-777
1063
1711
453
1604
0
1419
2716
2224
2955
3682
4430
3058
3391
2438
1756
915
436
1481
86
-649
1721
2096
1904
2798
2116
2428
4191
2548
3367
3717
4004
4222
2220
-1048
-2297
-2518
-2341
-1390
-1495
-1080
-680
-275
-623
-382
-341
-1713
-399
-925
358
881
714
-177
915
2312
1325
2815
3418
5416
3101
306
373
-174
78
191
1799
3032
2652
0
-162
526
34
-2051
-1066
-1442
-2490
-2576
-3563
-5511
-6572
-7766
-8400
-9062
-9853
-9478
-9557
-8255
-9932
-9851
-9328
-11256
-11008
-12014
-11220
-13995
-13457
-10899
-9898
-6239
-6346
-6705
-7639
-9231
-9672
-9509
-11133
-9966
-8884
-10059
-9536
-10385
-10911
-11855
-13062
-12991
-12907
-13276
-11080
-13469
-15417
-17094
-17332
-15157
-15055
-14392
-16206
-15166
-16151
-17400
-16889
-14880
-12948
-11781
0
-870
-184
-1767
-1434
-1648
-3020
-2101
-2912
-4002
-2874
-2445
1040
614
-1239
-2634
-1332
-2444
-2612
-3673
-4292
-4230
-3421
-2910
-2681
-2276
-228
-5184
-5464
-4142
-2045
1294
2172
495
1332
1240
1087
331
590
164
912
230
178
-1141
-1750
-1354
-3764
-5883
-7599
-7793
-9165
-9474
-8900
-12094
-12337
-9961
-11470
-10608
-10042
-7743
-7910
-8414
-6197
-4773
-4940
0
-1249
-1794
-900
1484
673
943
-10
2360
4034
2525
1331
1171
1214
1547
-401
-391
-931
-2485
-2237
-2283
-3398
-2820
-1401
-3403
-4073
-2593
-2416
-366
-1392
-277
-1974
518
3794
3315
1672
2200
1266
494
-135
-1622
-5663
-2004
450
1805
-670
-2008
-4512
-4126
-7226
-5303
-5665
-7308
-5570
-6640
-6663
-7291
-6958
-6174
-5841
-5174
-3181
-3916
-5781
-5804
-5137
0
-818
-2454
-4539
-4333
-1902
-1473
859
950
818
-1455
-2137
-3532
-3245
-4523
-4899
-4164
-2674
-3817
-1766
-2000
-739
2934
2895
3353
-762
804
-158
-232
-2046
-3168
-1676
-2223
-3343
-3972
-7106
-7044
-8410
-9782
-12098
-12980
-13459
-16749
-17097
-14567
-13265
-13873
-13235
-14626
-14319
-13872
-14628
-13585
-12926
-11968
-11301
-10407
-10628
-9054
-8668
-9843
-10791
0
1167
-654
881
-510
1754
2066
369
264
-364
544
370
-2508
-833
2826
3159
5000
4620
6891
7230
7544
7606
6619
4514
4166
1944
3324
3716
4282
5449
5374
7170
7503
8758
9163
8859
9334
12379
14135
15096
14477
13533
14370
14020
12667
12894
11804
10170
11064
9502
9268
10299
12440
11350
12353
9788
11253
10876
9965
9242
9774
9770
8073
8658
0
-987
-1777
-1068
215
-907
-240
2088
3216
2263
818
9
-1844
-1965
-2647
-4019
-2979
-4049
-5002
-5506
-5329
-4806
-7028
-7082
-7271
-6240
-5665
-3090
-2831
-1834
-1657
-156
112
-1649
-3399
-5536
-5432
-5402
-6084
-7593
-6050
-3026
-4096
-2854
-1661
-996
-2254
-82
-235
-69
1059
377
1784
2098
3861
4482
8602
6851
10336
13019
14896
13638
13271
11688
14199
14303
15388
0
96
301
-1335
-541
253
1881
928
946
1531
-146
-671
612
-637
1187
878
903
1955
3310
3326
1378
2680
3191
1682
-1094
-1364
-1439
-1703
-1317
-2387
-1273
-2950
-3651
-3946
-5162
-3534
-2867
-1565
-891
474
-114
-354
1555
-727
-1306
-2123
-1790
-928
1484
1461
1354
-323
628
541
1722
4061
3088
3262
3414
3293
2223
4682
1277
825
697
998
0
-449
-2011
-592
-259
-2458
-2856
-899
-585
1043
2838
1695
1076
-852
-836
-1070
-925
1167
1887
2531
2154
2136
-15
-1731
-1777
-1490
-3378
-674
-983
-4083
-1393
-527
-602
1700
4912
6072
5255
4254
4921
3663
1883
2514
2354
4320
5622
3734
5572
5632
6022
7584
7158
4936
4762
3809
5042
4341
4695
5051
7226
6850
6764
7804
5634
0
917
1176
2163
1325
-1543
-1682
-1328
-3305
-3933
-3316
-5298
-8389
-7777
-9172
-9666
-7980
-9489
-12298
-13285
-11376
-12677
-11902
-11750
-12263
-14035
-15061
-15036
-15270
-12253
-14390
-12549
-10535
-11531
-9580
-7204
-8576
-8126
-8192
-6283
-6975
-5692
-8975
-10484
-11600
-12919
-13484
-13997
-12443
-11141
-10975
-10283
-9116
-10177
-8715
-7126
-4714
-4395
-5497
-4451
-4996
-3580
0
-1888
-1574
-1972
-3073
-703
-2419
-1781
-1051
244
202
-846
-2030
-2659
-2455
-4276
-1817
-1179
-1077
551
865
129
462
-472
-2474
-3088
-3926
-5894
-6920
-6462
-5328
-4932
-7373
-6791
-7735
-9107
-10229
-7927
-7865
-8818
-6590
-5047
-4016
-5984
-7017
-5725
-5411
-5876
-5333
-4560
-4986
-6381
-6656
-6133
-5256
-5682
-4178
-5623
-5471
-3849
-5107
-3780
-3447
-2118
-3208
-2478
-1706
