10
2
6
4
10
10
1
5
3
10
10
2
9
7
10
9
10
8
10
10
3
8
10
3
9
10
2
10
10
10
7
5
7
9
10
9
10
4
7
3
7
1
10
8
10
10
10
6
9
4
10
5
10
10
2
10
6
10
2
7
3
4
6
7
10
10
10
10
10
10
3
7
6
10
10
8
5
4
4
2
4
2
9
3
10
6
2
10
1
7
5
3
4
5
8
6
8
10
10
6
4
10
6
9
4
10
7
6
10
10
6
10
2
6
9
2
4
1
10
2
2
5
10
3
4
10
1
2
10
2
8
5
2
10
9
5
3
3
7
2
6
6
4
6
7
7
8
3
3
10
8
3
1
8
1
5
5
3
10
10
5
3
10
7
2
7
10
7
10
6
5
5
2
3
2
1
7
1
8
6
7
10
10
7
4
1
4
9
9
5
9
7
10
8
3
10
10
3
6
9
1
1
4
10
6
8
10
6
8
10
10
5
1
1
7
9
6
8
3
7
7
10
1
9
10
10
10
4
10
10
10
8
1
2
1
9
10
2
6
8
3
10
10
9
4
1
9
3
10
4
10
10
8
10
6
6
1
10
4
10
3
10
9
7
10
10
8
2
6
7
4
1
10
3
10
2
10
4
4
1
10
6
10
1
1
8
10
8
6
10
5
10
10
8
10
9
8
4
1
6
10
4
9
5
9
1
10
3
5
10
10
10
2
10
2
10
7
10
10
4
1
8
10
2
9
1
7
2
9
4
10
10
9
8
10
8
10
5
10
5
7
10
9
6
10
9
2
1
4
10
10
9
3
9
7
9
10
6
5
5
10
1
10
2
2
4
7
3
10
10
5
8
10
8
10
10
3
10
5
6
7
3
5
1
10
10
9
10
5
10
10
5
3
1
8
3
4
4
7
5
10
8
5
6
10
8
5
10
10
5
3
1
2
4
2
8
