0
0
0
0.333333
0.25
0.2
0.333333
0.285714
0.25
0.222222
0.3
0.363636
0.416667
0.384615
0.357143
0.333333
0.3125
0.294118
0.277778
0.315789
0.35
0.333333
0.363636
0.391304
0.416667
0.44
0.423077
0.444444
0.428571
0.413793
0.4
0.387097
0.375
0.363636
0.352941
0.342857
0.361111
0.351351
0.368421
0.384615
0.4
0.390244
0.404762
0.395349
0.386364
0.377778
0.391304
0.382979
0.395833
0.408163
0.4
0.392157
0.403846
0.396226
0.407407
0.4
0.392857
0.403509
0.396552
0.40678
0.4
0.393443
0
1
1
0.666667
0.5
0.6
0.5
0.428571
0.375
0.333333
0.3
0.272727
0.25
0.307692
0.285714
0.266667
0.25
0.294118
0.333333
0.368421
0.35
0.333333
0.363636
0.347826
0.333333
0.32
0.307692
0.296296
0.285714
0.310345
0.333333
0.322581
0.3125
0.333333
0.323529
0.314286
0.305556
0.324324
0.315789
0.333333
0.35
0.341463
0.357143
0.348837
0.363636
0.377778
0.369565
0.382979
0.395833
0.387755
0.38
0.392157
0.403846
0.396226
0.388889
0.4
0.392857
0.385965
0.37931
0.38983
0.4
0.393443
0
1
1
0.666667
0.5
0.4
0.333333
0.285714
0.25
0.222222
0.2
0.272727
0.25
0.230769
0.285714
0.333333
0.375
0.411765
0.444444
0.421053
0.45
0.47619
0.454545
0.434783
0.416667
0.4
0.384615
0.37037
0.357143
0.344828
0.333333
0.322581
0.34375
0.333333
0.352941
0.342857
0.361111
0.378378
0.368421
0.384615
0.4
0.414634
0.404762
0.395349
0.386364
0.377778
0.391304
0.404255
0.416667
0.408163
0.4
0.411765
0.403846
0.396226
0.407407
0.4
0.410714
0.421053
0.413793
0.40678
0.4
0.409836
0.419355
0
0
0
0
0.25
0.2
0.333333
0.428571
0.5
0.555556
0.5
0.545455
0.5
0.461538
0.428571
0.4
0.375
0.352941
0.388889
0.421053
0.45
0.47619
0.454545
0.478261
0.458333
0.48
0.5
0.518519
0.5
0.517241
0.5
0.516129
0.5
0.515152
0.529412
0.514286
0.5
0.513514
0.526316
0.512821
0.5
0.512195
0.52381
0.534884
0.522727
0.511111
0.5
0.489362
0.5
0.489796
0.48
0.470588
0.480769
0.490566
0.5
0.490909
0.482143
0.491228
0.482759
0.491525
0.5
0.508197
0
1
0.5
0.333333
0.5
0.4
0.333333
0.285714
0.25
0.222222
0.3
0.272727
0.25
0.307692
0.357143
0.4
0.375
0.352941
0.333333
0.368421
0.4
0.380952
0.409091
0.434783
0.458333
0.48
0.461538
0.444444
0.464286
0.448276
0.433333
0.419355
0.40625
0.424242
0.411765
0.4
0.416667
0.432432
0.421053
0.410256
0.4
0.390244
0.380952
0.372093
0.363636
0.355556
0.347826
0.340426
0.333333
0.346939
0.34
0.333333
0.326923
0.339623
0.333333
0.345455
0.339286
0.350877
0.344828
0.355932
0.35
0.360656
0
0
0
0
0.25
0.2
0.333333
0.285714
0.25
0.222222
0.2
0.272727
0.333333
0.384615
0.357143
0.333333
0.375
0.411765
0.444444
0.421053
0.4
0.380952
0.363636
0.391304
0.416667
0.4
0.384615
0.37037
0.392857
0.37931
0.4
0.419355
0.4375
0.424242
0.411765
0.4
0.416667
0.405405
0.421053
0.410256
0.425
0.414634
0.428571
0.44186
0.431818
0.444444
0.434783
0.446809
0.458333
0.44898
0.46
0.45098
0.442308
0.433962
0.444444
0.454545
0.446429
0.438596
0.431034
0.423729
0.433333
0.442623
0
0
0
0.333333
0.25
0.4
0.333333
0.428571
0.375
0.444444
0.4
0.363636
0.333333
0.307692
0.285714
0.333333
0.375
0.411765
0.388889
0.368421
0.35
0.380952
0.363636
0.391304
0.375
0.36
0.346154
0.333333
0.357143
0.37931
0.366667
0.354839
0.34375
0.333333
0.323529
0.314286
0.333333
0.324324
0.315789
0.307692
0.3
0.317073
0.309524
0.325581
0.318182
0.311111
0.304348
0.319149
0.3125
0.306122
0.32
0.333333
0.346154
0.339623
0.333333
0.327273
0.321429
0.315789
0.327586
0.338983
0.333333
0.344262
0.354839
0
0
0.5
0.666667
0.5
0.6
0.5
0.428571
0.5
0.444444
0.5
0.545455
0.5
0.538462
0.571429
0.6
0.625
0.588235
0.555556
0.578947
0.55
0.52381
0.5
0.478261
0.5
0.48
0.5
0.481481
0.5
0.517241
0.5
0.516129
0.53125
0.545455
0.529412
0.542857
0.527778
0.540541
0.526316
0.538462
0.55
0.536585
0.52381
0.534884
0.545455
0.555556
0.565217
0.574468
0.5625
0.55102
0.54
0.529412
0.538462
0.528302
0.518519
0.509091
0.517857
0.526316
0.534483
0.525424
0.533333
0.52459
0.516129
0.52381
0.53125
0.523077
0
0
0
0
0.25
0.4
0.333333
0.285714
0.375
0.333333
0.3
0.272727
0.25
0.230769
0.214286
0.2
0.1875
0.235294
0.277778
0.315789
0.3
0.285714
0.272727
0.26087
0.291667
0.32
0.346154
0.37037
0.392857
0.413793
0.433333
0.451613
0.46875
0.454545
0.441176
0.457143
0.472222
0.459459
0.473684
0.487179
0.475
0.487805
0.5
0.511628
0.5
0.488889
0.5
0.510638
0.520833
0.510204
0.5
0.490196
0.5
0.509434
0.5
0.490909
0.5
0.491228
0.482759
0.491525
0.483333
0.47541
0
0
0
0
0.25
0.4
0.333333
0.285714
0.25
0.333333
0.4
0.363636
0.333333
0.307692
0.285714
0.333333
0.3125
0.294118
0.277778
0.315789
0.35
0.380952
0.363636
0.347826
0.375
0.4
0.423077
0.407407
0.392857
0.413793
0.4
0.419355
0.4375
0.454545
0.441176
0.457143
0.444444
0.459459
0.447368
0.435897
0.425
0.439024
0.428571
0.418605
0.409091
0.422222
0.434783
0.425532
0.4375
0.44898
0.46
0.45098
0.442308
0.45283
0.444444
0.436364
0.446429
0.45614
0.465517
0.474576
0.466667
0.47541
0.467742
0
0
0
0.333333
0.5
0.4
0.5
0.428571
0.5
0.555556
0.6
0.636364
0.666667
0.692308
0.642857
0.666667
0.625
0.588235
0.555556
0.578947
0.55
0.52381
0.545455
0.521739
0.5
0.52
0.5
0.481481
0.5
0.517241
0.5
0.516129
0.5
0.515152
0.529412
0.542857
0.555556
0.540541
0.526316
0.538462
0.525
0.536585
0.547619
0.534884
0.522727
0.511111
0.5
0.510638
0.5
0.510204
0.5
0.490196
0.480769
0.471698
0.462963
0.454545
0.464286
0.45614
0.448276
0.440678
0.45
0.459016
0.467742
0.47619
0
1
1
1
1
1
1
1
1
1
0.9
0.909091
0.833333
0.769231
0.714286
0.666667
0.625
0.588235
0.555556
0.526316
0.55
0.571429
0.545455
0.521739
0.5
0.52
0.5
0.518519
0.5
0.517241
0.5
0.483871
0.46875
0.454545
0.470588
0.457143
0.472222
0.459459
0.473684
0.461538
0.45
0.463415
0.452381
0.465116
0.454545
0.444444
0.456522
0.446809
0.4375
0.44898
0.46
0.470588
0.461538
0.45283
0.462963
0.472727
0.482143
0.491228
0.482759
0.491525
0.483333
0.491803
0
0
0
0
0
0.2
0.333333
0.285714
0.25
0.222222
0.2
0.181818
0.166667
0.230769
0.214286
0.2
0.1875
0.235294
0.277778
0.263158
0.3
0.333333
0.318182
0.304348
0.333333
0.32
0.307692
0.333333
0.321429
0.344828
0.333333
0.322581
0.34375
0.363636
0.352941
0.342857
0.361111
0.378378
0.394737
0.384615
0.375
0.365854
0.380952
0.372093
0.363636
0.355556
0.369565
0.382979
0.395833
0.408163
0.4
0.392157
0.403846
0.396226
0.388889
0.381818
0.392857
0.403509
0.413793
0.40678
0.416667
0.409836
0.419355
0.412698
0
1
1
1
1
1
0.833333
0.857143
0.875
0.777778
0.8
0.818182
0.75
0.769231
0.785714
0.733333
0.6875
0.647059
0.611111
0.578947
0.55
0.52381
0.5
0.521739
0.541667
0.52
0.5
0.481481
0.464286
0.448276
0.466667
0.451613
0.46875
0.484848
0.5
0.485714
0.472222
0.459459
0.447368
0.461538
0.475
0.487805
0.5
0.488372
0.477273
0.466667
0.478261
0.468085
0.458333
0.44898
0.46
0.470588
0.461538
0.471698
0.462963
0.454545
0.446429
0.438596
0.431034
0.440678
0.45
0.459016
0.451613
0
0
0.5
0.666667
0.5
0.4
0.5
0.428571
0.375
0.444444
0.5
0.545455
0.5
0.461538
0.428571
0.4
0.375
0.411765
0.388889
0.368421
0.35
0.333333
0.318182
0.347826
0.333333
0.32
0.346154
0.37037
0.357143
0.37931
0.366667
0.387097
0.375
0.363636
0.382353
0.371429
0.361111
0.351351
0.342105
0.333333
0.35
0.341463
0.333333
0.325581
0.340909
0.333333
0.347826
0.340426
0.333333
0.346939
0.34
0.333333
0.326923
0.339623
0.351852
0.345455
0.339286
0.333333
0.327586
0.322034
0.333333
0.327869
0.322581
0.333333
0.328125
0
1
1
1
1
0.8
0.666667
0.571429
0.5
0.555556
0.5
0.454545
0.5
0.461538
0.5
0.466667
0.4375
0.411765
0.444444
0.421053
0.45
0.428571
0.409091
0.391304
0.416667
0.44
0.423077
0.444444
0.428571
0.448276
0.466667
0.451613
0.46875
0.484848
0.5
0.514286
0.527778
0.513514
0.526316
0.512821
0.5
0.512195
0.5
0.511628
0.522727
0.511111
0.5
0.489362
0.5
0.489796
0.5
0.490196
0.480769
0.471698
0.462963
0.472727
0.482143
0.491228
0.482759
0.474576
0.483333
0.47541
0.467742
0.460317
0
1
0.5
0.333333
0.25
0.2
0.166667
0.142857
0.25
0.333333
0.3
0.272727
0.333333
0.384615
0.428571
0.4
0.4375
0.411765
0.444444
0.421053
0.45
0.428571
0.454545
0.434783
0.416667
0.4
0.384615
0.37037
0.357143
0.37931
0.4
0.387097
0.375
0.363636
0.382353
0.371429
0.388889
0.378378
0.368421
0.358974
0.375
0.390244
0.404762
0.395349
0.386364
0.4
0.391304
0.382979
0.375
0.387755
0.38
0.392157
0.384615
0.377358
0.37037
0.363636
0.357143
0.368421
0.362069
0.355932
0.366667
0.377049
0.387097
0.380952
0.375
0
1
0.5
0.333333
0.25
0.2
0.166667
0.142857
0.25
0.222222
0.3
0.363636
0.333333
0.384615
0.428571
0.466667
0.4375
0.470588
0.444444
0.421053
0.45
0.47619
0.5
0.478261
0.458333
0.44
0.461538
0.444444
0.428571
0.448276
0.433333
0.451613
0.46875
0.484848
0.470588
0.457143
0.472222
0.459459
0.473684
0.487179
0.475
0.463415
0.47619
0.488372
0.5
0.511111
0.5
0.510638
0.5
0.510204
0.52
0.529412
0.538462
0.54717
0.537037
0.527273
0.535714
0.54386
0.534483
0.525424
0.516667
0.508197
0.5
0.507937
0
0
0
0
0.25
0.2
0.166667
0.285714
0.375
0.444444
0.4
0.454545
0.5
0.538462
0.571429
0.6
0.625
0.588235
0.555556
0.526316
0.55
0.571429
0.590909
0.608696
0.625
0.64
0.615385
0.62963
0.607143
0.62069
0.6
0.580645
0.5625
0.545455
0.529412
0.542857
0.527778
0.513514
0.5
0.487179
0.475
0.487805
0.47619
0.488372
0.5
0.511111
0.5
0.510638
0.520833
0.510204
0.52
0.529412
0.519231
0.509434
0.518519
0.509091
0.5
0.491228
0.5
0.508475
0.5
0.508197
0.516129
0
1
0.5
0.333333
0.25
0.4
0.5
0.428571
0.375
0.333333
0.4
0.363636
0.416667
0.384615
0.428571
0.4
0.375
0.352941
0.333333
0.315789
0.3
0.285714
0.272727
0.304348
0.333333
0.36
0.346154
0.333333
0.357143
0.344828
0.366667
0.354839
0.34375
0.363636
0.352941
0.342857
0.333333
0.324324
0.342105
0.333333
0.325
0.317073
0.333333
0.325581
0.318182
0.333333
0.326087
0.319149
0.3125
0.306122
0.3
0.313726
0.326923
0.320755
0.333333
0.345455
0.339286
0.333333
0.344828
0.338983
0.35
0.360656
0.370968
0
0
0
0
0
0.2
0.166667
0.142857
0.25
0.222222
0.3
0.272727
0.333333
0.307692
0.285714
0.333333
0.3125
0.352941
0.388889
0.368421
0.4
0.380952
0.363636
0.391304
0.375
0.4
0.423077
0.407407
0.392857
0.413793
0.433333
0.419355
0.40625
0.393939
0.411765
0.4
0.388889
0.405405
0.394737
0.384615
0.375
0.390244
0.380952
0.372093
0.386364
0.377778
0.391304
0.404255
0.395833
0.387755
0.38
0.392157
0.403846
0.396226
0.388889
0.381818
0.375
0.385965
0.396552
0.38983
0.4
0.409836
0.419355
0
0
0
0.333333
0.5
0.6
0.5
0.428571
0.375
0.333333
0.4
0.363636
0.333333
0.307692
0.285714
0.266667
0.3125
0.294118
0.277778
0.315789
0.35
0.333333
0.318182
0.304348
0.291667
0.28
0.307692
0.333333
0.357143
0.37931
0.366667
0.354839
0.34375
0.363636
0.382353
0.4
0.388889
0.378378
0.394737
0.384615
0.375
0.365854
0.380952
0.395349
0.386364
0.377778
0.391304
0.382979
0.395833
0.387755
0.4
0.411765
0.423077
0.415094
0.407407
0.418182
0.428571
0.421053
0.413793
0.40678
0.4
0.393443
0.387097
0
0
0
0.333333
0.25
0.2
0.166667
0.285714
0.25
0.333333
0.4
0.363636
0.333333
0.307692
0.285714
0.266667
0.25
0.294118
0.277778
0.263158
0.3
0.333333
0.318182
0.304348
0.291667
0.32
0.346154
0.333333
0.321429
0.310345
0.333333
0.322581
0.34375
0.363636
0.382353
0.4
0.416667
0.405405
0.394737
0.384615
0.4
0.414634
0.404762
0.418605
0.409091
0.422222
0.413043
0.425532
0.416667
0.408163
0.4
0.411765
0.403846
0.396226
0.388889
0.4
0.392857
0.403509
0.413793
0.423729
0.416667
0.42623
0
0
0
0.333333
0.25
0.2
0.166667
0.142857
0.125
0.111111
0.2
0.272727
0.333333
0.307692
0.285714
0.266667
0.3125
0.352941
0.388889
0.421053
0.4
0.428571
0.409091
0.391304
0.416667
0.4
0.423077
0.407407
0.392857
0.37931
0.4
0.387097
0.40625
0.393939
0.411765
0.4
0.388889
0.378378
0.368421
0.384615
0.4
0.414634
0.404762
0.418605
0.431818
0.444444
0.434783
0.425532
0.416667
0.408163
0.42
0.431373
0.442308
0.433962
0.444444
0.436364
0.446429
0.438596
0.431034
0.423729
0.433333
0.442623
0
1
1
1
0.75
0.8
0.666667
0.714286
0.75
0.666667
0.7
0.727273
0.666667
0.615385
0.642857
0.666667
0.6875
0.647059
0.611111
0.578947
0.55
0.571429
0.545455
0.565217
0.583333
0.56
0.576923
0.555556
0.571429
0.586207
0.566667
0.548387
0.5625
0.575758
0.588235
0.571429
0.555556
0.540541
0.552632
0.538462
0.525
0.536585
0.547619
0.55814
0.545455
0.533333
0.521739
0.510638
0.520833
0.510204
0.52
0.509804
0.5
0.509434
0.5
0.509091
0.517857
0.508772
0.517241
0.525424
0
0
0
0.333333
0.25
0.4
0.333333
0.428571
0.5
0.444444
0.4
0.363636
0.333333
0.307692
0.285714
0.333333
0.3125
0.294118
0.277778
0.315789
0.3
0.333333
0.318182
0.304348
0.333333
0.32
0.307692
0.296296
0.285714
0.310345
0.333333
0.322581
0.3125
0.333333
0.323529
0.314286
0.333333
0.351351
0.368421
0.384615
0.375
0.365854
0.357143
0.372093
0.363636
0.355556
0.369565
0.382979
0.375
0.367347
0.36
0.352941
0.346154
0.358491
0.37037
0.381818
0.392857
0.403509
0.396552
0.40678
0.4
0.393443
0.387097
0
0
0
0
0
0
0.166667
0.142857
0.125
0.222222
0.3
0.272727
0.25
0.307692
0.285714
0.333333
0.3125
0.352941
0.333333
0.315789
0.35
0.380952
0.363636
0.391304
0.416667
0.4
0.384615
0.37037
0.392857
0.37931
0.4
0.387097
0.375
0.363636
0.382353
0.4
0.388889
0.378378
0.394737
0.384615
0.4
0.414634
0.404762
0.418605
0.409091
0.422222
0.413043
0.425532
0.416667
0.408163
0.42
0.431373
0.423077
0.415094
0.407407
0.418182
0.410714
0.403509
0.396552
0.38983
0.4
0
0
0
0
0.25
0.4
0.333333
0.285714
0.375
0.333333
0.4
0.454545
0.5
0.461538
0.428571
0.4
0.4375
0.411765
0.388889
0.421053
0.4
0.380952
0.363636
0.347826
0.333333
0.32
0.307692
0.296296
0.321429
0.344828
0.333333
0.322581
0.34375
0.333333
0.323529
0.342857
0.361111
0.351351
0.342105
0.358974
0.375
0.390244
0.380952
0.395349
0.386364
0.377778
0.369565
0.382979
0.375
0.367347
0.36
0.352941
0.365385
0.377358
0.37037
0.381818
0.375
0.368421
0.362069
0.372881
0
0
0
0.333333
0.5
0.4
0.5
0.571429
0.5
0.444444
0.4
0.454545
0.5
0.461538
0.5
0.466667
0.5
0.470588
0.5
0.526316
0.55
0.52381
0.545455
0.521739
0.5
0.48
0.5
0.481481
0.464286
0.448276
0.433333
0.419355
0.4375
0.424242
0.441176
0.428571
0.444444
0.459459
0.473684
0.461538
0.45
0.439024
0.428571
0.418605
0.409091
0.4
0.391304
0.404255
0.395833
0.387755
0.4
0.411765
0.403846
0.415094
0.407407
0.418182
0.410714
0.403509
0.396552
0.40678
0.416667
0.409836
0.419355
0.412698
0
1
1
1
0.75
0.8
0.833333
0.714286
0.75
0.666667
0.6
0.636364
0.583333
0.615385
0.642857
0.666667
0.625
0.588235
0.555556
0.578947
0.55
0.52381
0.545455
0.521739
0.5
0.48
0.5
0.518519
0.5
0.482759
0.466667
0.451613
0.46875
0.454545
0.470588
0.485714
0.5
0.513514
0.526316
0.538462
0.55
0.536585
0.52381
0.511628
0.5
0.488889
0.478261
0.489362
0.5
0.489796
0.5
0.490196
0.5
0.490566
0.481481
0.490909
0.482143
0.473684
0.465517
0.474576
0.466667
0.459016
0.467742
0.47619
0.484375
0
0
0.5
0.333333
0.25
0.4
0.5
0.428571
0.5
0.444444
0.4
0.363636
0.416667
0.461538
0.428571
0.466667
0.5
0.470588
0.5
0.526316
0.55
0.571429
0.545455
0.521739
0.5
0.48
0.461538
0.481481
0.464286
0.448276
0.433333
0.419355
0.4375
0.424242
0.441176
0.428571
0.416667
0.432432
0.421053
0.410256
0.4
0.414634
0.404762
0.418605
0.409091
0.4
0.413043
0.404255
0.416667
0.408163
0.4
0.392157
0.403846
0.396226
0.407407
0.418182
0.410714
0.421053
0.413793
0.40678
0.416667
0.42623
0
1
0.5
0.666667
0.75
0.8
0.833333
0.857143
0.75
0.666667
0.6
0.636364
0.583333
0.615385
0.642857
0.6
0.5625
0.529412
0.555556
0.526316
0.55
0.52381
0.5
0.478261
0.458333
0.48
0.461538
0.444444
0.428571
0.448276
0.433333
0.451613
0.46875
0.484848
0.470588
0.457143
0.472222
0.459459
0.473684
0.461538
0.475
0.463415
0.47619
0.488372
0.5
0.488889
0.5
0.489362
0.5
0.489796
0.5
0.509804
0.5
0.509434
0.518519
0.527273
0.535714
0.526316
0.534483
0.542373
0.55
0.540984
0.548387
0.539683
0
1
1
0.666667
0.75
0.8
0.833333
0.714286
0.625
0.555556
0.6
0.545455
0.5
0.538462
0.571429
0.533333
0.5625
0.529412
0.555556
0.578947
0.6
0.619048
0.636364
0.608696
0.583333
0.56
0.538462
0.518519
0.5
0.482759
0.466667
0.451613
0.46875
0.484848
0.5
0.485714
0.5
0.513514
0.5
0.487179
0.475
0.463415
0.452381
0.44186
0.454545
0.466667
0.456522
0.468085
0.479167
0.469388
0.46
0.45098
0.461538
0.471698
0.462963
0.454545
0.464286
0.45614
0.448276
0.440678
0.433333
0
1
1
1
0.75
0.8
0.833333
0.714286
0.625
0.666667
0.6
0.545455
0.5
0.461538
0.5
0.466667
0.4375
0.411765
0.444444
0.421053
0.4
0.428571
0.409091
0.391304
0.416667
0.44
0.423077
0.444444
0.428571
0.448276
0.466667
0.451613
0.46875
0.454545
0.470588
0.457143
0.472222
0.486486
0.473684
0.461538
0.475
0.487805
0.47619
0.465116
0.454545
0.466667
0.456522
0.468085
0.479167
0.469388
0.48
0.470588
0.461538
0.45283
0.462963
0.454545
0.464286
0.473684
0.465517
0.457627
0.45
0.442623
0.435484
0.428571
0
1
0.5
0.333333
0.25
0.2
0.166667
0.142857
0.125
0.222222
0.2
0.181818
0.166667
0.230769
0.214286
0.266667
0.25
0.294118
0.277778
0.315789
0.35
0.380952
0.409091
0.434783
0.458333
0.48
0.5
0.518519
0.5
0.517241
0.5
0.483871
0.5
0.484848
0.5
0.514286
0.5
0.513514
0.5
0.512821
0.5
0.512195
0.52381
0.511628
0.522727
0.511111
0.521739
0.510638
0.520833
0.510204
0.5
0.490196
0.5
0.509434
0.518519
0.527273
0.517857
0.526316
0.534483
0.542373
0
0
0
0.333333
0.25
0.4
0.5
0.428571
0.375
0.333333
0.3
0.363636
0.333333
0.307692
0.357143
0.4
0.4375
0.470588
0.5
0.526316
0.5
0.52381
0.545455
0.521739
0.5
0.48
0.461538
0.481481
0.5
0.482759
0.466667
0.451613
0.4375
0.424242
0.411765
0.428571
0.416667
0.405405
0.394737
0.384615
0.375
0.390244
0.404762
0.418605
0.431818
0.422222
0.413043
0.425532
0.4375
0.44898
0.46
0.45098
0.442308
0.45283
0.444444
0.436364
0.446429
0.45614
0.465517
0.457627
0.466667
0.459016
0.467742
0
0
0
0.333333
0.25
0.2
0.333333
0.285714
0.25
0.222222
0.2
0.272727
0.333333
0.307692
0.285714
0.333333
0.375
0.352941
0.333333
0.315789
0.35
0.380952
0.363636
0.347826
0.333333
0.32
0.307692
0.296296
0.285714
0.310345
0.333333
0.322581
0.34375
0.363636
0.382353
0.371429
0.388889
0.378378
0.394737
0.410256
0.4
0.414634
0.404762
0.395349
0.409091
0.422222
0.413043
0.404255
0.395833
0.408163
0.4
0.392157
0.384615
0.377358
0.37037
0.363636
0.375
0.368421
0.362069
0.372881
0.366667
0.377049
0
1
1
0.666667
0.75
0.8
0.833333
0.857143
0.875
0.777778
0.8
0.727273
0.75
0.692308
0.714286
0.666667
0.625
0.647059
0.666667
0.684211
0.65
0.666667
0.636364
0.608696
0.625
0.6
0.615385
0.62963
0.607143
0.586207
0.566667
0.548387
0.5625
0.575758
0.588235
0.6
0.583333
0.567568
0.578947
0.564103
0.575
0.585366
0.595238
0.581395
0.568182
0.555556
0.565217
0.574468
0.583333
0.571429
0.58
0.568627
0.557692
0.566038
0.555556
0.563636
0.571429
0.561404
0.551724
0.542373
0.533333
0.52459
0
0
0
0.333333
0.25
0.4
0.5
0.571429
0.625
0.666667
0.7
0.636364
0.666667
0.615385
0.642857
0.6
0.5625
0.529412
0.5
0.526316
0.5
0.47619
0.5
0.478261
0.5
0.48
0.461538
0.481481
0.5
0.517241
0.5
0.483871
0.46875
0.454545
0.470588
0.457143
0.472222
0.459459
0.473684
0.461538
0.475
0.487805
0.5
0.488372
0.5
0.511111
0.521739
0.510638
0.520833
0.510204
0.5
0.490196
0.480769
0.471698
0.481481
0.472727
0.464286
0.473684
0.482759
0.474576
0
0
0.5
0.333333
0.25
0.2
0.333333
0.428571
0.5
0.555556
0.5
0.545455
0.5
0.461538
0.5
0.466667
0.4375
0.470588
0.5
0.526316
0.55
0.571429
0.545455
0.565217
0.583333
0.56
0.538462
0.518519
0.5
0.482759
0.466667
0.451613
0.4375
0.454545
0.441176
0.457143
0.472222
0.486486
0.5
0.487179
0.475
0.487805
0.47619
0.488372
0.477273
0.488889
0.5
0.510638
0.5
0.489796
0.5
0.490196
0.5
0.490566
0.481481
0.472727
0.482143
0.491228
0.482759
0.474576
0.483333
0.47541
0.467742
0.460317
0
1
0.5
0.666667
0.5
0.6
0.5
0.428571
0.375
0.444444
0.5
0.545455
0.5
0.461538
0.428571
0.466667
0.4375
0.470588
0.444444
0.421053
0.4
0.428571
0.409091
0.391304
0.416667
0.4
0.384615
0.37037
0.392857
0.413793
0.4
0.387097
0.375
0.393939
0.382353
0.371429
0.388889
0.378378
0.368421
0.358974
0.35
0.341463
0.333333
0.325581
0.318182
0.311111
0.304348
0.319149
0.333333
0.346939
0.36
0.352941
0.346154
0.339623
0.351852
0.345455
0.339286
0.350877
0.344828
0.338983
0.333333
0.344262
0.33871
0.333333
0.34375
0
1
1
0.666667
0.75
0.8
0.666667
0.571429
0.625
0.555556
0.6
0.636364
0.583333
0.538462
0.5
0.533333
0.5625
0.588235
0.611111
0.631579
0.65
0.666667
0.636364
0.608696
0.583333
0.56
0.538462
0.555556
0.571429
0.551724
0.533333
0.516129
0.5
0.515152
0.5
0.514286
0.527778
0.540541
0.526316
0.512821
0.5
0.487805
0.5
0.488372
0.477273
0.466667
0.478261
0.489362
0.5
0.489796
0.5
0.509804
0.519231
0.509434
0.518519
0.509091
0.5
0.491228
0.5
0.508475
0.5
0.508197
0
0
0
0
0
0
0.166667
0.285714
0.25
0.333333
0.4
0.454545
0.416667
0.384615
0.428571
0.4
0.4375
0.470588
0.444444
0.421053
0.45
0.428571
0.454545
0.434783
0.458333
0.44
0.423077
0.407407
0.392857
0.413793
0.433333
0.451613
0.46875
0.454545
0.441176
0.428571
0.416667
0.432432
0.447368
0.435897
0.45
0.439024
0.452381
0.465116
0.477273
0.488889
0.5
0.510638
0.520833
0.530612
0.54
0.529412
0.538462
0.528302
0.537037
0.527273
0.517857
0.508772
0.517241
0.525424
0.516667
0
1
0.5
0.666667
0.75
0.6
0.666667
0.714286
0.625
0.666667
0.7
0.636364
0.583333
0.615385
0.642857
0.6
0.625
0.588235
0.555556
0.578947
0.55
0.571429
0.590909
0.608696
0.625
0.64
0.653846
0.666667
0.678571
0.655172
0.666667
0.645161
0.65625
0.636364
0.617647
0.628571
0.638889
0.621622
0.631579
0.641026
0.65
0.658537
0.642857
0.651163
0.659091
0.666667
0.652174
0.659574
0.666667
0.653061
0.64
0.627451
0.615385
0.603774
0.611111
0.618182
0.625
0.631579
0.637931
0.627119
0.616667
0.622951
0.612903
0.619048
0
1
0.5
0.666667
0.5
0.6
0.666667
0.571429
0.5
0.555556
0.5
0.454545
0.5
0.538462
0.5
0.466667
0.4375
0.411765
0.388889
0.368421
0.35
0.333333
0.318182
0.347826
0.333333
0.36
0.346154
0.37037
0.392857
0.37931
0.366667
0.387097
0.40625
0.424242
0.441176
0.428571
0.416667
0.432432
0.447368
0.461538
0.475
0.463415
0.452381
0.465116
0.454545
0.444444
0.434783
0.425532
0.4375
0.44898
0.46
0.45098
0.461538
0.471698
0.462963
0.454545
0.446429
0.438596
0.431034
0.440678
0
0
0
0.333333
0.25
0.4
0.5
0.428571
0.375
0.333333
0.4
0.363636
0.416667
0.461538
0.5
0.533333
0.5
0.470588
0.444444
0.473684
0.5
0.47619
0.454545
0.434783
0.416667
0.4
0.423077
0.444444
0.428571
0.448276
0.433333
0.451613
0.4375
0.454545
0.470588
0.457143
0.472222
0.459459
0.473684
0.461538
0.45
0.463415
0.452381
0.44186
0.454545
0.466667
0.478261
0.489362
0.479167
0.469388
0.48
0.470588
0.461538
0.45283
0.444444
0.436364
0.428571
0.421053
0.431034
0.440678
0.433333
0.442623
0.435484
0.428571
0.4375
0.430769
0
0
0
0
0
0.2
0.166667
0.142857
0.125
0.111111
0.1
0.181818
0.166667
0.230769
0.285714
0.266667
0.3125
0.294118
0.333333
0.315789
0.35
0.333333
0.363636
0.391304
0.375
0.36
0.346154
0.333333
0.321429
0.310345
0.3
0.322581
0.34375
0.333333
0.323529
0.314286
0.333333
0.351351
0.368421
0.384615
0.4
0.390244
0.380952
0.372093
0.386364
0.377778
0.391304
0.382979
0.395833
0.408163
0.4
0.392157
0.403846
0.415094
0.407407
0.4
0.410714
0.421053
0.413793
0.40678
0.4
0.409836
0.419355
0.428571
0
0
0
0.333333
0.25
0.4
0.5
0.428571
0.375
0.444444
0.5
0.454545
0.416667
0.384615
0.428571
0.4
0.4375
0.470588
0.5
0.526316
0.55
0.52381
0.545455
0.521739
0.541667
0.56
0.538462
0.555556
0.571429
0.586207
0.566667
0.548387
0.5625
0.545455
0.558824
0.542857
0.527778
0.540541
0.526316
0.512821
0.5
0.487805
0.47619
0.465116
0.454545
0.444444
0.434783
0.425532
0.4375
0.44898
0.46
0.45098
0.442308
0.45283
0.444444
0.436364
0.428571
0.438596
0.448276
0.457627
0.466667
0.459016
0.451613
0.444444
0
0
0
0.333333
0.5
0.4
0.333333
0.428571
0.375
0.444444
0.5
0.454545
0.416667
0.461538
0.5
0.533333
0.5
0.529412
0.5
0.473684
0.45
0.428571
0.454545
0.434783
0.458333
0.44
0.423077
0.407407
0.428571
0.448276
0.466667
0.451613
0.4375
0.424242
0.441176
0.457143
0.444444
0.432432
0.421053
0.410256
0.4
0.414634
0.404762
0.418605
0.409091
0.4
0.413043
0.425532
0.4375
0.44898
0.44
0.45098
0.442308
0.433962
0.444444
0.436364
0.428571
0.421053
0.413793
0.40678
0.4
0
0
0.5
0.666667
0.5
0.4
0.333333
0.428571
0.375
0.444444
0.4
0.363636
0.333333
0.307692
0.357143
0.333333
0.3125
0.352941
0.388889
0.368421
0.35
0.380952
0.409091
0.391304
0.375
0.36
0.346154
0.333333
0.357143
0.344828
0.366667
0.387097
0.40625
0.393939
0.382353
0.371429
0.361111
0.378378
0.368421
0.384615
0.375
0.365854
0.380952
0.395349
0.409091
0.4
0.391304
0.404255
0.395833
0.408163
0.4
0.392157
0.384615
0.377358
0.388889
0.381818
0.392857
0.385965
0.396552
0.38983
0.383333
0.377049
0
1
0.5
0.333333
0.25
0.2
0.166667
0.285714
0.375
0.333333
0.3
0.363636
0.416667
0.384615
0.428571
0.4
0.375
0.352941
0.333333
0.315789
0.35
0.380952
0.409091
0.434783
0.416667
0.44
0.423077
0.407407
0.428571
0.448276
0.433333
0.451613
0.4375
0.424242
0.411765
0.4
0.388889
0.378378
0.368421
0.384615
0.4
0.414634
0.404762
0.418605
0.409091
0.422222
0.434783
0.446809
0.458333
0.44898
0.46
0.45098
0.461538
0.45283
0.462963
0.472727
0.482143
0.473684
0.482759
0.474576
0.466667
0.47541
0.483871
0.492063
0
1
0.5
0.666667
0.75
0.8
0.833333
0.857143
0.875
0.777778
0.7
0.636364
0.666667
0.615385
0.571429
0.533333
0.5
0.470588
0.444444
0.421053
0.4
0.380952
0.363636
0.347826
0.333333
0.32
0.307692
0.333333
0.321429
0.344828
0.366667
0.354839
0.34375
0.333333
0.352941
0.342857
0.361111
0.351351
0.342105
0.333333
0.35
0.365854
0.357143
0.348837
0.340909
0.355556
0.347826
0.361702
0.375
0.367347
0.38
0.372549
0.365385
0.358491
0.351852
0.363636
0.357143
0.368421
0.37931
0.38983
0.4
0.393443
0.387097
0.380952
0.390625
0
0
0
0.333333
0.25
0.2
0.333333
0.285714
0.375
0.333333
0.3
0.363636
0.416667
0.384615
0.357143
0.333333
0.375
0.411765
0.444444
0.473684
0.45
0.428571
0.454545
0.434783
0.416667
0.4
0.384615
0.407407
0.392857
0.37931
0.4
0.387097
0.40625
0.424242
0.441176
0.457143
0.444444
0.432432
0.421053
0.435897
0.45
0.439024
0.428571
0.418605
0.409091
0.422222
0.434783
0.425532
0.416667
0.428571
0.42
0.431373
0.442308
0.433962
0.444444
0.436364
0.428571
0.421053
0.431034
0.440678
0.433333
0.42623
0.435484
0.444444
0.4375
0.446154
0
0
0.5
0.333333
0.25
0.2
0.333333
0.285714
0.375
0.444444
0.5
0.454545
0.5
0.461538
0.428571
0.4
0.4375
0.411765
0.388889
0.368421
0.35
0.380952
0.363636
0.391304
0.416667
0.44
0.423077
0.407407
0.428571
0.413793
0.4
0.419355
0.40625
0.393939
0.411765
0.428571
0.444444
0.459459
0.447368
0.461538
0.45
0.463415
0.47619
0.488372
0.477273
0.488889
0.5
0.489362
0.5
0.489796
0.48
0.470588
0.461538
0.471698
0.462963
0.472727
0.482143
0.473684
0.465517
0.457627
0.45
0
0
0
0.333333
0.25
0.4
0.333333
0.285714
0.375
0.333333
0.3
0.363636
0.333333
0.384615
0.357143
0.4
0.375
0.352941
0.333333
0.368421
0.35
0.333333
0.318182
0.304348
0.291667
0.28
0.269231
0.296296
0.285714
0.310345
0.333333
0.354839
0.34375
0.333333
0.323529
0.342857
0.361111
0.351351
0.368421
0.358974
0.375
0.365854
0.380952
0.372093
0.363636
0.377778
0.369565
0.382979
0.395833
0.408163
0.42
0.431373
0.423077
0.415094
0.407407
0.418182
0.428571
0.421053
0.413793
0
0
0.5
0.666667
0.75
0.8
0.666667
0.571429
0.625
0.555556
0.6
0.545455
0.583333
0.538462
0.5
0.533333
0.5625
0.588235
0.555556
0.578947
0.55
0.52381
0.545455
0.565217
0.541667
0.52
0.538462
0.518519
0.5
0.482759
0.466667
0.451613
0.4375
0.454545
0.470588
0.485714
0.472222
0.459459
0.473684
0.487179
0.475
0.463415
0.452381
0.465116
0.454545
0.466667
0.478261
0.468085
0.458333
0.469388
0.46
0.45098
0.461538
0.45283
0.444444
0.436364
0.446429
0.438596
0.431034
0.423729
0.433333
0
0
0
0.333333
0.25
0.4
0.333333
0.428571
0.375
0.333333
0.4
0.454545
0.416667
0.384615
0.357143
0.333333
0.3125
0.294118
0.333333
0.368421
0.4
0.380952
0.363636
0.347826
0.333333
0.32
0.346154
0.37037
0.357143
0.37931
0.4
0.419355
0.4375
0.424242
0.411765
0.4
0.416667
0.405405
0.394737
0.410256
0.425
0.414634
0.404762
0.395349
0.409091
0.422222
0.413043
0.404255
0.395833
0.387755
0.38
0.392157
0.403846
0.396226
0.388889
0.4
0.410714
0.403509
0.396552
0.38983
0.383333
0
0
0.5
0.333333
0.25
0.2
0.166667
0.142857
0.25
0.333333
0.3
0.363636
0.416667
0.384615
0.357143
0.333333
0.3125
0.352941
0.333333
0.368421
0.4
0.380952
0.409091
0.434783
0.416667
0.4
0.384615
0.407407
0.428571
0.413793
0.4
0.387097
0.40625
0.393939
0.382353
0.371429
0.361111
0.378378
0.368421
0.358974
0.375
0.390244
0.380952
0.372093
0.363636
0.355556
0.369565
0.361702
0.354167
0.367347
0.38
0.372549
0.365385
0.377358
0.37037
0.363636
0.375
0.385965
0.37931
0.38983
0.383333
0.377049
0
1
1
1
1
1
1
0.857143
0.875
0.888889
0.8
0.818182
0.833333
0.846154
0.785714
0.8
0.75
0.705882
0.722222
0.684211
0.65
0.619048
0.590909
0.608696
0.625
0.6
0.615385
0.62963
0.607143
0.586207
0.566667
0.548387
0.5625
0.575758
0.558824
0.571429
0.583333
0.594595
0.605263
0.589744
0.575
0.560976
0.547619
0.55814
0.545455
0.555556
0.565217
0.553191
0.541667
0.530612
0.52
0.509804
0.519231
0.528302
0.518519
0.509091
0.517857
0.526316
0.517241
0.525424
0.533333
0.52459
0.532258
0.539683
0
1
1
1
0.75
0.8
0.833333
0.714286
0.625
0.666667
0.6
0.636364
0.666667
0.692308
0.642857
0.6
0.625
0.647059
0.666667
0.631579
0.65
0.619048
0.590909
0.565217
0.541667
0.56
0.576923
0.592593
0.607143
0.62069
0.6
0.580645
0.5625
0.545455
0.558824
0.542857
0.555556
0.540541
0.552632
0.564103
0.55
0.536585
0.52381
0.534884
0.545455
0.555556
0.543478
0.553191
0.5625
0.571429
0.56
0.54902
0.538462
0.528302
0.537037
0.545455
0.535714
0.526316
0.534483
0.542373
0.533333
0.540984
0.548387
0
0
0
0
0
0.2
0.333333
0.285714
0.25
0.333333
0.4
0.454545
0.5
0.461538
0.428571
0.466667
0.4375
0.470588
0.444444
0.473684
0.5
0.52381
0.545455
0.565217
0.583333
0.6
0.576923
0.592593
0.607143
0.62069
0.6
0.612903
0.59375
0.575758
0.558824
0.571429
0.555556
0.567568
0.552632
0.538462
0.525
0.512195
0.52381
0.511628
0.5
0.511111
0.521739
0.510638
0.520833
0.510204
0.5
0.490196
0.5
0.509434
0.518519
0.509091
0.5
0.508772
0.5
0.508475
0.5
0.508197
0.5
0.492063
0
0
0.5
0.666667
0.5
0.6
0.5
0.571429
0.5
0.555556
0.6
0.545455
0.583333
0.615385
0.642857
0.666667
0.625
0.588235
0.611111
0.578947
0.55
0.571429
0.545455
0.521739
0.5
0.48
0.461538
0.481481
0.464286
0.482759
0.466667
0.451613
0.46875
0.454545
0.441176
0.457143
0.472222
0.459459
0.447368
0.435897
0.45
0.439024
0.452381
0.44186
0.431818
0.422222
0.434783
0.425532
0.4375
0.44898
0.46
0.470588
0.480769
0.490566
0.481481
0.472727
0.464286
0.45614
0.465517
0.457627
0
0
0
0
0.25
0.4
0.333333
0.285714
0.375
0.444444
0.4
0.454545
0.5
0.538462
0.5
0.533333
0.5625
0.588235
0.555556
0.526316
0.5
0.52381
0.5
0.521739
0.5
0.48
0.5
0.481481
0.464286
0.448276
0.433333
0.451613
0.46875
0.454545
0.441176
0.428571
0.416667
0.405405
0.394737
0.384615
0.375
0.365854
0.357143
0.372093
0.363636
0.355556
0.369565
0.382979
0.395833
0.387755
0.38
0.372549
0.365385
0.377358
0.388889
0.381818
0.392857
0.385965
0.396552
0.40678
0.416667
0.42623
0.419355
0.412698
0
1
0.5
0.666667
0.5
0.4
0.5
0.571429
0.625
0.555556
0.6
0.636364
0.666667
0.692308
0.714286
0.733333
0.6875
0.705882
0.666667
0.684211
0.7
0.714286
0.727273
0.695652
0.666667
0.64
0.615385
0.62963
0.607143
0.586207
0.566667
0.580645
0.5625
0.545455
0.529412
0.514286
0.527778
0.540541
0.552632
0.564103
0.55
0.536585
0.52381
0.511628
0.5
0.488889
0.5
0.510638
0.520833
0.530612
0.54
0.54902
0.557692
0.566038
0.574074
0.581818
0.571429
0.578947
0.568965
0.559322
0.566667
0.557377
0.564516
0.571429
0
0
0
0.333333
0.5
0.4
0.5
0.571429
0.5
0.444444
0.4
0.363636
0.416667
0.461538
0.5
0.533333
0.5625
0.588235
0.611111
0.631579
0.65
0.619048
0.590909
0.565217
0.583333
0.6
0.615385
0.592593
0.607143
0.586207
0.566667
0.548387
0.5625
0.575758
0.588235
0.6
0.583333
0.594595
0.578947
0.589744
0.575
0.585366
0.571429
0.581395
0.590909
0.6
0.586957
0.574468
0.5625
0.55102
0.56
0.54902
0.538462
0.54717
0.555556
0.545455
0.553571
0.561404
0.568965
0.576271
0.566667
0.557377
0.548387
0.555556
0
0
0
0.333333
0.25
0.2
0.166667
0.142857
0.25
0.333333
0.3
0.363636
0.416667
0.461538
0.428571
0.466667
0.4375
0.411765
0.388889
0.421053
0.45
0.47619
0.454545
0.434783
0.458333
0.44
0.461538
0.481481
0.5
0.482759
0.466667
0.483871
0.46875
0.484848
0.5
0.485714
0.472222
0.459459
0.473684
0.487179
0.475
0.463415
0.452381
0.44186
0.431818
0.444444
0.434783
0.425532
0.416667
0.408163
0.42
0.431373
0.423077
0.415094
0.407407
0.4
0.392857
0.385965
0.37931
0.38983
0.383333
0.393443
0
0
0.5
0.666667
0.5
0.6
0.666667
0.571429
0.625
0.555556
0.5
0.454545
0.416667
0.384615
0.357143
0.4
0.375
0.411765
0.444444
0.421053
0.45
0.428571
0.454545
0.434783
0.416667
0.4
0.423077
0.407407
0.428571
0.448276
0.466667
0.451613
0.46875
0.454545
0.470588
0.485714
0.5
0.486486
0.5
0.512821
0.525
0.536585
0.52381
0.534884
0.522727
0.533333
0.521739
0.510638
0.520833
0.530612
0.52
0.529412
0.538462
0.54717
0.555556
0.563636
0.553571
0.54386
0.534483
0.542373
0.55
0.557377
0.548387
0.539683
0
1
0.5
0.333333
0.5
0.4
0.333333
0.285714
0.25
0.333333
0.4
0.454545
0.416667
0.461538
0.428571
0.466667
0.5
0.470588
0.5
0.473684
0.45
0.428571
0.409091
0.391304
0.416667
0.44
0.461538
0.444444
0.464286
0.448276
0.433333
0.419355
0.4375
0.424242
0.441176
0.457143
0.444444
0.459459
0.473684
0.461538
0.475
0.487805
0.5
0.511628
0.5
0.511111
0.5
0.489362
0.479167
0.469388
0.46
0.45098
0.442308
0.45283
0.444444
0.436364
0.446429
0.438596
0.431034
0.423729
0.416667
0
0
0
0
0.25
0.4
0.333333
0.285714
0.375
0.444444
0.5
0.545455
0.5
0.461538
0.428571
0.4
0.4375
0.470588
0.5
0.526316
0.5
0.52381
0.5
0.478261
0.458333
0.48
0.461538
0.444444
0.464286
0.448276
0.466667
0.483871
0.5
0.484848
0.470588
0.457143
0.444444
0.459459
0.473684
0.487179
0.5
0.512195
0.5
0.488372
0.5
0.488889
0.478261
0.468085
0.458333
0.469388
0.48
0.470588
0.480769
0.471698
0.462963
0.454545
0.464286
0.45614
0.448276
0.457627
0.45
0.459016
0
0
0.5
0.333333
0.5
0.6
0.666667
0.571429
0.5
0.444444
0.4
0.363636
0.333333
0.307692
0.285714
0.266667
0.3125
0.352941
0.388889
0.368421
0.35
0.333333
0.318182
0.347826
0.375
0.4
0.423077
0.444444
0.428571
0.413793
0.4
0.387097
0.375
0.393939
0.382353
0.371429
0.361111
0.378378
0.368421
0.358974
0.35
0.365854
0.380952
0.395349
0.409091
0.422222
0.413043
0.425532
0.416667
0.428571
0.42
0.411765
0.423077
0.415094
0.425926
0.436364
0.428571
0.438596
0.448276
0.457627
0
1
0.5
0.333333
0.25
0.4
0.5
0.571429
0.5
0.555556
0.6
0.545455
0.583333
0.615385
0.642857
0.6
0.625
0.588235
0.555556
0.578947
0.6
0.571429
0.545455
0.565217
0.583333
0.56
0.576923
0.592593
0.607143
0.62069
0.633333
0.645161
0.65625
0.666667
0.647059
0.628571
0.611111
0.594595
0.578947
0.564103
0.575
0.560976
0.547619
0.534884
0.545455
0.533333
0.543478
0.531915
0.520833
0.510204
0.5
0.490196
0.480769
0.471698
0.481481
0.490909
0.5
0.491228
0.5
0.508475
0.516667
0.52459
0.516129
0
0
0
0
0
0.2
0.333333
0.285714
0.25
0.333333
0.4
0.454545
0.5
0.538462
0.571429
0.6
0.5625
0.588235
0.611111
0.578947
0.55
0.571429
0.545455
0.565217
0.583333
0.6
0.576923
0.592593
0.571429
0.551724
0.566667
0.580645
0.5625
0.545455
0.529412
0.514286
0.5
0.513514
0.5
0.512821
0.5
0.512195
0.5
0.488372
0.5
0.488889
0.478261
0.468085
0.458333
0.44898
0.44
0.431373
0.423077
0.415094
0.407407
0.418182
0.428571
0.438596
0.431034
0.423729
0
0
0
0.333333
0.5
0.4
0.5
0.571429
0.5
0.555556
0.5
0.454545
0.416667
0.384615
0.428571
0.466667
0.4375
0.411765
0.388889
0.421053
0.4
0.428571
0.454545
0.434783
0.458333
0.48
0.461538
0.444444
0.464286
0.448276
0.466667
0.451613
0.4375
0.454545
0.470588
0.485714
0.472222
0.459459
0.447368
0.435897
0.45
0.439024
0.428571
0.418605
0.409091
0.4
0.413043
0.425532
0.416667
0.428571
0.44
0.45098
0.442308
0.433962
0.444444
0.454545
0.446429
0.45614
0.448276
0.440678
0.433333
0.442623
0.435484
0.444444
0.453125
0
0
0.5
0.333333
0.25
0.4
0.333333
0.285714
0.25
0.222222
0.2
0.181818
0.166667
0.153846
0.142857
0.133333
0.125
0.117647
0.166667
0.210526
0.2
0.190476
0.181818
0.173913
0.208333
0.24
0.230769
0.259259
0.285714
0.310345
0.333333
0.322581
0.34375
0.363636
0.352941
0.371429
0.388889
0.378378
0.368421
0.384615
0.375
0.365854
0.380952
0.395349
0.409091
0.4
0.391304
0.404255
0.395833
0.408163
0.42
0.431373
0.423077
0.415094
0.407407
0.418182
0.410714
0.421053
0.413793
0.423729
0.416667
0.409836
0.419355
0.412698
0
0
0.5
0.333333
0.5
0.4
0.333333
0.428571
0.375
0.444444
0.4
0.454545
0.416667
0.384615
0.428571
0.466667
0.4375
0.411765
0.388889
0.421053
0.4
0.380952
0.409091
0.434783
0.458333
0.44
0.423077
0.407407
0.428571
0.413793
0.433333
0.451613
0.46875
0.454545
0.470588
0.457143
0.444444
0.432432
0.447368
0.435897
0.425
0.414634
0.428571
0.44186
0.431818
0.422222
0.413043
0.425532
0.416667
0.408163
0.42
0.431373
0.442308
0.45283
0.444444
0.454545
0.464286
0.45614
0.448276
0.440678
0.433333
0.42623
0.435484
0.444444
0.453125
0
1
1
1
0.75
0.8
0.666667
0.714286
0.75
0.666667
0.7
0.636364
0.583333
0.538462
0.571429
0.6
0.625
0.588235
0.555556
0.578947
0.55
0.52381
0.5
0.521739
0.5
0.52
0.5
0.518519
0.535714
0.517241
0.5
0.516129
0.53125
0.515152
0.529412
0.514286
0.5
0.486486
0.473684
0.461538
0.45
0.463415
0.452381
0.44186
0.454545
0.466667
0.456522
0.468085
0.479167
0.489796
0.48
0.490196
0.5
0.509434
0.518519
0.509091
0.5
0.491228
0.482759
0.491525
0
1
0.5
0.666667
0.5
0.6
0.5
0.428571
0.375
0.444444
0.4
0.363636
0.416667
0.461538
0.5
0.533333
0.5625
0.529412
0.5
0.473684
0.5
0.52381
0.5
0.478261
0.5
0.48
0.461538
0.444444
0.464286
0.448276
0.433333
0.419355
0.40625
0.424242
0.441176
0.428571
0.444444
0.432432
0.447368
0.435897
0.425
0.439024
0.428571
0.44186
0.431818
0.444444
0.434783
0.446809
0.458333
0.44898
0.44
0.431373
0.442308
0.433962
0.425926
0.418182
0.428571
0.421053
0.413793
0.40678
0.4
0.393443
0
1
1
0.666667
0.5
0.4
0.333333
0.428571
0.5
0.555556
0.5
0.545455
0.583333
0.538462
0.571429
0.533333
0.5625
0.529412
0.5
0.526316
0.5
0.47619
0.454545
0.478261
0.5
0.48
0.461538
0.444444
0.428571
0.413793
0.4
0.387097
0.375
0.393939
0.382353
0.371429
0.361111
0.351351
0.368421
0.358974
0.35
0.365854
0.357143
0.372093
0.386364
0.377778
0.369565
0.361702
0.354167
0.346939
0.36
0.352941
0.346154
0.339623
0.333333
0.345455
0.357143
0.350877
0.344828
0.338983
0.333333
0.327869
0.33871
0.333333
0
1
1
1
0.75
0.6
0.666667
0.571429
0.5
0.555556
0.6
0.545455
0.5
0.461538
0.428571
0.4
0.375
0.352941
0.388889
0.421053
0.4
0.380952
0.363636
0.347826
0.375
0.4
0.423077
0.444444
0.428571
0.413793
0.4
0.387097
0.40625
0.424242
0.441176
0.428571
0.444444
0.459459
0.473684
0.461538
0.45
0.463415
0.47619
0.465116
0.477273
0.466667
0.456522
0.446809
0.4375
0.428571
0.44
0.431373
0.442308
0.45283
0.462963
0.472727
0.464286
0.45614
0.465517
0.474576
0.466667
0.459016
0
0
0
0
0.25
0.2
0.166667
0.285714
0.375
0.333333
0.3
0.363636
0.333333
0.307692
0.285714
0.333333
0.3125
0.294118
0.333333
0.368421
0.35
0.333333
0.363636
0.391304
0.416667
0.4
0.423077
0.444444
0.428571
0.448276
0.433333
0.419355
0.4375
0.424242
0.411765
0.428571
0.444444
0.459459
0.473684
0.487179
0.475
0.463415
0.47619
0.488372
0.477273
0.488889
0.5
0.510638
0.5
0.489796
0.5
0.509804
0.5
0.509434
0.5
0.509091
0.5
0.508772
0.517241
0.525424
0.516667
0.508197
0.516129
0
0
0.5
0.666667
0.5
0.4
0.333333
0.285714
0.25
0.222222
0.3
0.272727
0.333333
0.307692
0.357143
0.4
0.4375
0.470588
0.5
0.526316
0.5
0.52381
0.545455
0.521739
0.5
0.48
0.461538
0.481481
0.5
0.482759
0.466667
0.483871
0.46875
0.484848
0.470588
0.457143
0.472222
0.486486
0.473684
0.461538
0.45
0.439024
0.452381
0.465116
0.454545
0.466667
0.478261
0.468085
0.458333
0.469388
0.46
0.470588
0.480769
0.471698
0.481481
0.472727
0.464286
0.473684
0.465517
0.457627
0.45
0.459016
0.451613
0
0
0.5
0.666667
0.5
0.4
0.333333
0.428571
0.375
0.444444
0.4
0.363636
0.333333
0.307692
0.285714
0.333333
0.375
0.411765
0.444444
0.421053
0.4
0.428571
0.409091
0.391304
0.375
0.4
0.423077
0.407407
0.392857
0.37931
0.366667
0.354839
0.34375
0.363636
0.382353
0.4
0.388889
0.378378
0.394737
0.384615
0.375
0.390244
0.380952
0.395349
0.409091
0.422222
0.434783
0.446809
0.458333
0.469388
0.48
0.490196
0.5
0.490566
0.481481
0.472727
0.464286
0.45614
0.465517
0.474576
0.466667
0.459016
0.467742
0.47619
0.46875
0.476923
0
0
0
0.333333
0.25
0.2
0.333333
0.428571
0.375
0.444444
0.4
0.454545
0.416667
0.384615
0.357143
0.4
0.375
0.352941
0.333333
0.315789
0.35
0.333333
0.363636
0.391304
0.416667
0.4
0.423077
0.407407
0.392857
0.413793
0.433333
0.419355
0.4375
0.454545
0.441176
0.428571
0.444444
0.432432
0.421053
0.435897
0.45
0.463415
0.452381
0.465116
0.454545
0.444444
0.434783
0.425532
0.4375
0.428571
0.42
0.411765
0.403846
0.396226
0.407407
0.418182
0.428571
0.421053
0.413793
0.40678
0.4
0.393443
0
1
1
1
1
1
1
0.857143
0.75
0.777778
0.7
0.636364
0.583333
0.615385
0.571429
0.533333
0.5
0.470588
0.5
0.473684
0.5
0.52381
0.545455
0.521739
0.5
0.52
0.5
0.518519
0.5
0.482759
0.466667
0.451613
0.46875
0.484848
0.5
0.514286
0.527778
0.540541
0.552632
0.538462
0.525
0.512195
0.52381
0.534884
0.545455
0.533333
0.521739
0.531915
0.541667
0.55102
0.54
0.54902
0.557692
0.54717
0.555556
0.545455
0.553571
0.54386
0.534483
0.525424
0.516667
0.52459
0.516129
0
0
0.5
0.333333
0.5
0.4
0.5
0.428571
0.375
0.444444
0.5
0.454545
0.5
0.538462
0.5
0.533333
0.5625
0.529412
0.5
0.526316
0.5
0.47619
0.454545
0.478261
0.458333
0.48
0.5
0.481481
0.5
0.482759
0.466667
0.483871
0.5
0.484848
0.470588
0.485714
0.5
0.486486
0.473684
0.461538
0.475
0.463415
0.47619
0.465116
0.454545
0.444444
0.456522
0.446809
0.4375
0.44898
0.44
0.431373
0.423077
0.415094
0.425926
0.418182
0.428571
0.421053
0.413793
0.423729
0.433333
0.42623
0
1
1
0.666667
0.75
0.6
0.5
0.571429
0.625
0.666667
0.7
0.636364
0.583333
0.615385
0.571429
0.6
0.5625
0.529412
0.555556
0.526316
0.55
0.52381
0.545455
0.565217
0.541667
0.56
0.538462
0.518519
0.535714
0.551724
0.566667
0.548387
0.53125
0.515152
0.5
0.485714
0.472222
0.459459
0.473684
0.461538
0.45
0.439024
0.452381
0.465116
0.477273
0.488889
0.5
0.510638
0.5
0.489796
0.48
0.470588
0.480769
0.490566
0.5
0.490909
0.482143
0.473684
0.465517
0.457627
0.466667
0.459016
0.451613
0.460317
0
1
0.5
0.333333
0.25
0.4
0.333333
0.428571
0.5
0.555556
0.6
0.545455
0.5
0.538462
0.5
0.533333
0.5
0.529412
0.555556
0.578947
0.6
0.571429
0.590909
0.565217
0.583333
0.6
0.576923
0.555556
0.571429
0.586207
0.6
0.612903
0.625
0.606061
0.588235
0.6
0.583333
0.567568
0.552632
0.564103
0.575
0.585366
0.571429
0.581395
0.568182
0.577778
0.565217
0.574468
0.5625
0.571429
0.58
0.568627
0.557692
0.566038
0.574074
0.581818
0.571429
0.578947
0.568965
0.576271
0.583333
0.57377
0.564516
0.555556
0
1
0.5
0.333333
0.5
0.4
0.5
0.571429
0.625
0.666667
0.7
0.727273
0.75
0.769231
0.714286
0.733333
0.75
0.764706
0.722222
0.684211
0.65
0.666667
0.636364
0.608696
0.583333
0.6
0.615385
0.62963
0.607143
0.586207
0.6
0.612903
0.625
0.606061
0.588235
0.571429
0.555556
0.567568
0.578947
0.564103
0.55
0.536585
0.547619
0.534884
0.522727
0.511111
0.5
0.510638
0.520833
0.510204
0.52
0.509804
0.519231
0.528302
0.537037
0.527273
0.517857
0.526316
0.517241
0.525424
0.516667
0.52459
0
0
0.5
0.333333
0.5
0.4
0.333333
0.285714
0.25
0.333333
0.3
0.363636
0.333333
0.307692
0.285714
0.266667
0.3125
0.352941
0.333333
0.315789
0.3
0.285714
0.318182
0.347826
0.333333
0.36
0.346154
0.333333
0.321429
0.310345
0.3
0.322581
0.34375
0.333333
0.323529
0.314286
0.305556
0.297297
0.289474
0.307692
0.3
0.292683
0.285714
0.302326
0.295455
0.288889
0.304348
0.297872
0.291667
0.285714
0.28
0.27451
0.269231
0.264151
0.277778
0.272727
0.267857
0.280702
0.293103
0.288136
0.283333
0.295082
0.306452
0
1
0.5
0.666667
0.5
0.4
0.5
0.571429
0.5
0.555556
0.5
0.545455
0.583333
0.538462
0.571429
0.6
0.5625
0.529412
0.5
0.526316
0.55
0.52381
0.5
0.478261
0.458333
0.44
0.461538
0.481481
0.5
0.482759
0.466667
0.451613
0.4375
0.454545
0.441176
0.428571
0.416667
0.405405
0.421053
0.410256
0.425
0.414634
0.404762
0.395349
0.386364
0.377778
0.391304
0.382979
0.395833
0.408163
0.4
0.411765
0.403846
0.396226
0.388889
0.4
0.410714
0.403509
0.413793
0.40678
0.4
0.409836
0
1
1
0.666667
0.75
0.6
0.666667
0.714286
0.75
0.777778
0.8
0.727273
0.75
0.692308
0.714286
0.666667
0.6875
0.705882
0.722222
0.684211
0.65
0.619048
0.636364
0.652174
0.666667
0.68
0.692308
0.666667
0.678571
0.689655
0.666667
0.645161
0.65625
0.666667
0.647059
0.657143
0.666667
0.648649
0.631579
0.615385
0.625
0.609756
0.619048
0.604651
0.590909
0.577778
0.586957
0.574468
0.5625
0.571429
0.56
0.54902
0.538462
0.528302
0.537037
0.545455
0.535714
0.526316
0.534483
0.542373
0.55
0.557377
0.564516
0
1
0.5
0.333333
0.25
0.2
0.166667
0.142857
0.25
0.333333
0.3
0.363636
0.333333
0.307692
0.285714
0.266667
0.3125
0.352941
0.388889
0.368421
0.4
0.428571
0.454545
0.434783
0.458333
0.48
0.5
0.518519
0.5
0.517241
0.5
0.483871
0.46875
0.454545
0.441176
0.428571
0.444444
0.432432
0.421053
0.410256
0.425
0.439024
0.428571
0.418605
0.431818
0.422222
0.413043
0.425532
0.416667
0.408163
0.4
0.392157
0.384615
0.377358
0.37037
0.363636
0.357143
0.368421
0.37931
0.372881
0.366667
0.360656
0
1
0.5
0.333333
0.5
0.6
0.666667
0.571429
0.625
0.555556
0.5
0.545455
0.583333
0.615385
0.571429
0.6
0.5625
0.529412
0.5
0.473684
0.5
0.47619
0.454545
0.434783
0.416667
0.4
0.384615
0.37037
0.392857
0.413793
0.433333
0.451613
0.46875
0.454545
0.441176
0.428571
0.416667
0.405405
0.394737
0.410256
0.425
0.414634
0.404762
0.418605
0.409091
0.4
0.413043
0.404255
0.416667
0.408163
0.4
0.411765
0.403846
0.396226
0.407407
0.4
0.392857
0.403509
0.413793
0.40678
0.416667
0.409836
0.419355
0.412698
0.40625
0.4
0.409091
0
0
0
0
0.25
0.2
0.333333
0.428571
0.375
0.444444
0.5
0.545455
0.583333
0.538462
0.5
0.466667
0.5
0.470588
0.5
0.526316
0.5
0.52381
0.5
0.521739
0.5
0.48
0.5
0.518519
0.535714
0.551724
0.533333
0.516129
0.53125
0.545455
0.529412
0.514286
0.5
0.513514
0.526316
0.512821
0.5
0.487805
0.47619
0.488372
0.477273
0.488889
0.478261
0.489362
0.479167
0.489796
0.5
0.490196
0.480769
0.490566
0.481481
0.472727
0.464286
0.45614
0.448276
0.440678
0.45
0.442623
0.435484
0
1
1
0.666667
0.5
0.4
0.5
0.571429
0.5
0.555556
0.5
0.454545
0.416667
0.461538
0.428571
0.4
0.375
0.352941
0.388889
0.421053
0.4
0.428571
0.454545
0.434783
0.416667
0.4
0.384615
0.37037
0.392857
0.413793
0.433333
0.451613
0.4375
0.424242
0.411765
0.428571
0.444444
0.432432
0.421053
0.435897
0.425
0.439024
0.428571
0.44186
0.454545
0.444444
0.434783
0.425532
0.416667
0.428571
0.42
0.431373
0.442308
0.45283
0.444444
0.436364
0.446429
0.438596
0.448276
0.440678
0.45
0.442623
0
1
1
1
1
0.8
0.666667
0.714286
0.625
0.555556
0.5
0.454545
0.416667
0.461538
0.428571
0.4
0.375
0.352941
0.388889
0.421053
0.45
0.428571
0.409091
0.434783
0.416667
0.44
0.461538
0.481481
0.5
0.517241
0.533333
0.516129
0.53125
0.515152
0.529412
0.514286
0.527778
0.513514
0.526316
0.538462
0.55
0.536585
0.52381
0.511628
0.522727
0.533333
0.521739
0.510638
0.5
0.489796
0.48
0.490196
0.480769
0.490566
0.481481
0.472727
0.464286
0.45614
0.448276
0.457627
0.466667
0
1
0.5
0.333333
0.25
0.4
0.5
0.428571
0.375
0.333333
0.4
0.454545
0.416667
0.384615
0.357143
0.4
0.375
0.352941
0.388889
0.368421
0.4
0.380952
0.363636
0.391304
0.375
0.36
0.384615
0.407407
0.392857
0.37931
0.4
0.387097
0.40625
0.393939
0.411765
0.428571
0.444444
0.459459
0.473684
0.461538
0.475
0.487805
0.5
0.511628
0.5
0.511111
0.5
0.510638
0.5
0.489796
0.5
0.509804
0.519231
0.509434
0.5
0.509091
0.517857
0.526316
0.517241
0.508475
0.5
0.491803
0.483871
0
0
0.5
0.333333
0.5
0.6
0.5
0.428571
0.375
0.444444
0.5
0.454545
0.5
0.538462
0.5
0.533333
0.5
0.529412
0.555556
0.526316
0.5
0.47619
0.454545
0.478261
0.5
0.48
0.461538
0.444444
0.464286
0.448276
0.466667
0.483871
0.5
0.484848
0.5
0.514286
0.5
0.513514
0.526316
0.512821
0.5
0.512195
0.5
0.511628
0.522727
0.533333
0.521739
0.531915
0.520833
0.530612
0.54
0.529412
0.538462
0.528302
0.537037
0.527273
0.517857
0.526316
0.534483
0.542373
0.533333
0
1
0.5
0.333333
0.25
0.4
0.5
0.571429
0.625
0.666667
0.6
0.636364
0.666667
0.615385
0.642857
0.666667
0.6875
0.705882
0.722222
0.736842
0.75
0.761905
0.772727
0.782609
0.75
0.72
0.730769
0.740741
0.75
0.758621
0.766667
0.774194
0.78125
0.757576
0.735294
0.742857
0.75
0.756757
0.763158
0.74359
0.75
0.731707
0.738095
0.744186
0.727273
0.733333
0.73913
0.744681
0.75
0.755102
0.76
0.764706
0.769231
0.754717
0.740741
0.745455
0.732143
0.736842
0.741379
0.745763
0.733333
0.721311
0.725806
0.714286
0.703125
0
0
0
0.333333
0.25
0.2
0.166667
0.142857
0.125
0.111111
0.1
0.0909091
0.0833333
0.0769231
0.142857
0.2
0.25
0.235294
0.277778
0.315789
0.3
0.285714
0.318182
0.347826
0.375
0.4
0.423077
0.407407
0.392857
0.413793
0.433333
0.419355
0.40625
0.424242
0.441176
0.457143
0.472222
0.486486
0.473684
0.461538
0.45
0.463415
0.47619
0.488372
0.5
0.488889
0.5
0.489362
0.479167
0.489796
0.5
0.509804
0.5
0.509434
0.5
0.509091
0.517857
0.508772
0.5
0.491525
0.5
0.508197
0.516129
0
1
1
1
1
1
1
0.857143
0.75
0.666667
0.7
0.636364
0.583333
0.538462
0.5
0.466667
0.4375
0.470588
0.5
0.473684
0.5
0.52381
0.5
0.478261
0.5
0.48
0.461538
0.444444
0.428571
0.413793
0.433333
0.451613
0.46875
0.454545
0.441176
0.428571
0.416667
0.432432
0.421053
0.435897
0.425
0.439024
0.428571
0.44186
0.431818
0.422222
0.434783
0.425532
0.416667
0.408163
0.4
0.392157
0.403846
0.415094
0.407407
0.4
0.392857
0.403509
0.396552
0.40678
0.4
