-979
-918
-1137
1293
3412
4818
8065
7411
7188
5570
6346
4185
7832
7704
9889
10907
10153
10569
14305
13397
14986
14987
15038
14889
9674
10668
10431
10577
11585
11349
13081
12480
11431
7154
7276
9174
9712
9284
9524
8367
9491
8645
5605
5604
6177
6007
5501
5647
-2945
-1770
606
-523
-1394
-5522
-4240
-3713
-2489
-3080
-5995
-3657
-4699
-4165
-5211
-4122
-3585
-3808
-4458
-5476
-4003
-2106
-4281
-4065
-5998
-7081
-7221
-8661
-6879
-7150
-6023
-7227
-9244
-8510
-8352
-6727
-6189
-5479
-6280
-6218
-7730
-8015
-9891
-8728
-9746
-9824
-11914
-11001
-796
-1337
-305
-1545
-4087
-3633
-2198
-1853
-3939
-4789
-3354
-5506
-8355
-8515
-6758
-5029
-7319
-6778
-7796
-8584
-7279
-5744
-5731
-6749
-308
-1561
-1415
-1722
-728
-1269
-1456
-3109
-2715
-3528
-4816
-6209
-6704
-6958
-10123
-12640
-12781
-13652
-12347
-15561
-15643
-16514
-15602
-15288
-4074
-3056
-3149
-3535
-2882
-928
-1693
-184
-247
3629
4202
988
1939
2615
1943
2572
3489
4522
4237
5699
4787
5854
5359
3907
-5807
-4425
-3715
-4743
-5838
-6842
-6494
-5270
-7146
-7147
-7864
-10610
-10958
-11593
-12613
-12894
-10496
-7352
-9055
-6881
-7516
-9384
-9134
-3559
-10709
-12231
-11044
-9395
-8360
-10557
-9852
-8547
-8895
-8795
-11515
-11532
-10500
-8127
-7306
-7293
-6353
-4762
-3453
-3598
-2945
-3143
-1414
-914
703
-599
-3046
-3479
-5676
-3717
-3615
-4265
-3319
-5443
-8878
-9242
-10624
-9659
-11460
-10511
-11006
-12884
-14028
-16665
-17798
-18457
-17681
-18113
13862
15110
15419
14792
14934
13632
12255
12173
9407
8852
10971
9244
7031
12035
14178
13399
10020
10095
12258
13565
12565
12569
13587
12182
1392
998
2409
2285
3279
1576
-734
-1465
346
-433
-17
850
214
-1476
3077
3529
2775
2125
2138
3573
4105
7260
7970
9376
8324
8740
7015
7184
4559
4726
6172
5393
6310
3030
1056
4816
1800
2951
6235
5513
5307
3380
4604
3351
3350
900
2205
2126
-6998
-4754
-748
1433
1067
3521
1202
2223
1447
265
-922
-1464
-4346
-4511
-4143
-7005
-7154
-8456
-8822
-7377
-5476
-6841
-9203
-7498
3259
2999
2871
2389
-851
468
2590
-446
-2054
-349
-1071
-297
2420
3001
1520
863
-745
-329
1021
-362
-1776
-3861
-1858
-413
714
402
609
225
-2495
-5179
-4206
-5859
-6800
-7261
-7532
-8550
-8288
-5846
-6198
-7115
-9086
-9781
-10799
-11703
-11872
-11951
-12730
-15180
4201
5166
2894
-702
333
1206
4620
3795
3476
4697
5694
5769
5768
6459
6093
5965
5400
6537
6153
2864
2087
1946
225
1747
-6098
-7010
-7173
-8398
-8658
-7223
-6973
-7991
-8132
-7913
-6895
-7982
-6585
-7290
-7291
-5063
-3901
-1717
-3150
-3278
-1843
-2254
928
-1001
2618
421
996
-734
-2895
-3166
-593
-2461
-1040
-1354
1162
1264
1586
878
1612
3758
2436
3650
5915
6663
4160
781
856
-407
3314
4438
3837
2492
1109
723
1717
441
1165
894
1902
2044
3
312
2325
2873
2205
2434
1419
1363
563
2393
1558
4621
-1748
-3086
-4633
-5163
-4898
-3347
-1639
-1293
-2699
-2776
-1019
-3466
-3140
-2544
-3039
-3479
-4848
-4124
-3982
-2831
-3220
-2065
-3247
-1375
760
2077
2842
-634
1285
1501
-1156
-692
165
3590
2989
651
-957
-578
132
2011
1327
1062
1172
-1275
160
-2199
-2182
-1873
7239
7042
3802
683
2002
1292
-540
-2654
-470
941
3203
4624
8073
8418
7937
6425
6098
4810
4818
5082
3384
3383
3123
2961
-1156
-3922
-7340
-7797
-5483
-8227
-9808
-12311
-10915
-9865
-11316
-11537
-11475
-12229
-12840
-11535
-11613
-14250
-15268
-12674
-12747
-12331
-13399
-12275
-22160
-23704
-23627
-25060
-25109
-23664
-22954
-24168
-23742
-23080
-21323
-19591
-18271
-17152
-15570
-15070
-15422
-15122
-13224
-16961
-18056
-19048
-18170
-16711
-3747
-4406
-4407
-4577
-4645
-3197
-2280
1599
595
-423
-1188
-1044
-1242
-1324
-614
-2281
-2251
-1230
-861
-231
888
494
-492
1587
11704
11517
11439
8748
7782
8852
7127
9114
10347
10265
10789
9699
8047
8200
8939
10955
10067
6629
6263
7025
6150
6390
8161
9396
2401
-141
2405
2690
4365
4205
6614
5338
6191
3425
4054
5759
4781
4842
2487
580
-374
-1325
-3996
-2407
-1673
-1646
643
1367
909
-3348
-4483
-3250
-3671
-4401
-1260
-1098
-1023
-106
-255
741
-1055
2370
2581
1364
1225
-1677
-399
444
-431
-1339
-1369
-1356
11401
10257
9306
10573
8958
12578
14594
13051
14069
14914
14007
14864
14736
16436
15148
16089
16495
16724
16415
18661
18660
16508
17200
14733
-10668
-12544
-12066
-13817
-14053
-17089
-18122
-17668
-18062
-18024
-17324
-16158
-15506
-16107
-17409
-15663
-11989
-12580
-13579
-12666
-11932
-12720
-11377
-9889
-3291
-4765
-5226
-3877
-1728
-2175
514
344
1568
2709
1528
-337
-469
-1179
-2797
-2092
-1623
-4343
-7111
-5806
-6042
-4947
-3141
-3507
17382
17938
17112
16037
15460
15757
15409
15544
15715
15080
14301
11357
13005
14980
11362
12162
10722
11010
9992
10822
13068
13844
12093
13230
1702
1266
220
-345
-2700
-3210
-3397
-4496
-4679
-6757
-6927
-7408
-6698
-7879
-5552
-4842
-5202
-9338
-10097
-8060
-8710
-7432
-6859
-5727
-1712
-2500
-67
-1860
132
1255
2360
1084
578
720
-713
-1986
855
-173
848
1170
-1533
781
2086
2820
3085
2444
3465
3339
-3163
-3364
-5006
-5714
-1915
337
1378
710
-862
-233
-1045
848
852
595
1473
-99
1312
3718
3156
2215
3621
3027
1199
1380
339
-1874
23
-1500
540
-82
-836
-2586
-4595
-4866
-3134
-2197
-1487
-739
-523
-816
-587
502
1972
2120
4277
5791
5617
4305
-9557
-8035
-6576
-4816
-5182
-3498
-4393
-6318
-7256
-6883
-6882
-9714
-6532
-6077
-5692
-4881
-5195
-3876
-2781
-2782
-1764
-5107
-5130
-4418
11454
11159
13094
14399
15564
16774
18093
18876
20124
18876
21003
18826
21008
21718
22452
21434
21331
21576
22881
22908
23993
24338
21918
23235
10153
10901
8928
9157
8332
10037
9387
7190
6990
8438
10068
12896
11718
12564
13120
14223
14796
13212
12341
14073
13203
14057
10843
13599
904
942
2982
6126
5712
6061
8112
8685
10385
10222
10392
11640
11562
13108
12130
11989
11077
11182
10887
9197
6798
5460
6626
5386
-1861
-4440
-5172
-6221
-4997
-8162
-6727
-6097
-4262
-2817
-1693
-1961
-2503
-2869
-2767
-2211
-3950
-2893
-1658
-2531
-3177
-2482
-2467
-3671
-4564
-4430
-3824
-3678
-5450
-5343
-6645
-4913
-7492
-8659
-8598
-10545
-11563
-11723
-11061
-8649
-5789
-6803
-5778
-5221
-5726
-4705
-3971
-7023
7940
7801
6952
8800
9124
10559
10491
9189
9282
10409
8794
8397
9962
10770
13176
14333
16171
15724
13775
13427
12067
12815
10729
10099
9217
8946
7377
4433
3197
3163
4895
6863
4441
5876
5005
4594
4022
6038
7589
7588
8609
6432
7410
8831
8209
8625
8583
7804
156
812
-2179
-1606
-2674
-1085
-1442
-1443
-611
3101
4420
5169
6874
10921
13040
12223
12391
12807
12908
12556
12645
14051
14469
17740
-17094
-19943
-18495
-19544
-19954
-22046
-22881
-22935
-24975
-24234
-24600
-24787
-25414
-23878
-23879
-23660
-23214
-21884
-20338
-21046
-21255
-20034
-21258
-19669
-7231
-7793
-5339
-3326
-3597
-767
471
-836
-698
2043
4367
4176
2794
-578
727
-655
-1745
-4501
-5688
-5973
-5709
-3243
-3413
-5610
-6613
-5595
-8351
-7592
-8865
-7160
-7438
-6583
-6051
-5511
-6491
-6594
-7230
-6195
-9484
-9233
-7844
-7754
-10026
-10676
-13347
-12277
-13312
-16058
1578
16
-585
-439
553
898
2651
3812
6645
7461
7072
8196
10597
10056
10373
10151
10034
11431
10984
9485
7760
7870
10008
9016
7349
8843
8669
9183
9365
6125
3770
5159
3492
1980
976
2708
3143
1347
-602
-2104
-3602
-2128
-1557
-3079
-3039
-3310
-3438
-3944
5338
3901
3191
2578
2293
1425
1219
597
-25
-577
-1365
-286
-144
144
-127
-2574
-1279
-881
-1359
-4030
-5490
-5168
-5342
-3637
-5025
-4590
-4360
-6632
-6301
-8087
-6614
-7830
-7659
-6535
-6474
-5523
-6394
-7808
-7557
-6098
-6099
-4132
-7691
-9963
-12235
-11474
-13991
-12864
542
323
-439
-1285
-1037
-631
496
1312
6600
5172
6299
6445
6160
6407
6460
8192
10079
11422
11800
9058
10602
10520
6832
4477
-1322
-1617
-313
935
-525
-472
-367
1222
2257
1369
2458
3020
2749
3654
1065
-42
2204
1637
3534
5564
5924
5701
8481
10295
19437
22862
22591
24416
25437
25796
28359
30348
30270
30524
30081
30310
28583
29601
30725
30089
29804
31239
32015
33550
34126
33848
33482
31010
-12528
-12490
-11470
-10165
-10953
-12785
-11032
-10943
-11602
-12145
-11860
-10058
-11116
-9411
-8306
-8160
-8015
-8012
-8053
-4601
-7048
-6027
-5538
-4465
10162
6379
6527
8530
9927
12279
10659
12037
9569
10104
9883
11629
11369
11195
11540
11756
12774
12874
12233
10747
11284
12445
13669
10667
-7520
-7080
-7671
-8166
-9146
-8889
-10177
-10246
-9795
-8263
-6958
-7770
-7344
-6398
-5731
-2874
-4599
-7270
-6760
-5655
-7818
-7367
-6633
-6426
12023
11114
12482
13265
10499
8796
9222
9413
6294
6293
6757
7600
6871
7811
7683
7033
7133
8238
5494
3629
3234
4409
5427
4717
-4524
-3855
-5143
-5638
-5076
-5786
-5644
-4833
-4099
-6845
-8486
-9298
-8290
-9282
-11940
-12603
-11910
-11988
-12175
-14832
-15408
-15843
-17296
-20016
-11606
-11499
-11910
-12440
-11251
-11107
-13525
-16150
-16680
-16228
-16415
-18848
-18089
-22320
-24563
-26145
-25512
-27310
-26002
-26203
-26794
-27860
-29658
-27761
6755
9458
8419
7023
7785
8490
9301
9230
7213
6458
6249
7270
6042
7322
5979
5052
6369
4484
3683
4217
2838
918
3348
4583
-2606
-1771
-2820
-2893
-1125
-2378
-3191
-1809
-2203
-2404
737
1153
1075
768
1194
892
4069
5063
2297
3745
3544
2813
3807
3806
602
783
658
-477
193
1534
1263
753
468
932
3194
204
122
-360
-2715
-6096
-6381
-8288
-8289
-7541
-9643
-6367
-10279
-10218
-2438
-3217
-4927
-3482
-2355
-1725
-2032
-1865
-1190
-5579
-5580
-6754
-4461
-2147
-1413
-1670
-2165
-860
172
2702
2942
4387
5808
4818
-9729
-11290
-10344
-9880
-9146
-6740
-7066
-5154
-4133
-3714
-2014
-2649
-2262
-2463
-1863
-2128
-707
2073
1773
3295
5125
5982
6509
6159
-5404
-4978
-1203
-2063
-2615
-1948
-972
-4261
-5308
-7541
-5995
-6750
-5485
-6264
-7967
-10516
-9922
-7246
-9900
-11603
-10014
-8593
-8353
-11464
-3424
-3282
-1144
-669
-703
-1420
-360
-530
-976
-2557
-3714
-1425
-2260
-1449
-431
139
-1997
-3499
-3214
-4193
-6548
-4518
-3586
-650
-726
-1011
-865
-1263
-1920
-820
-2636
-3191
-2043
-1333
-2339
-1802
-784
945
593
-361
-1004
-1783
-2172
-761
660
-992
-52
90
16200
14924
16229
15048
16819
17560
17920
19163
18513
18248
20517
22779
23489
23177
20689
19590
20751
20851
21945
21689
24676
24924
26229
26059
-2736
251
-890
-4233
-4824
-4430
-5218
-6317
-5932
-4708
-3173
-2271
-3843
-3971
-1825
75
1621
2072
1293
643
1459
2554
1614
2992
-1627
-4340
-4825
-5455
-6338
-3913
-4618
-8114
-7720
-7977
-10154
-9424
-11039
-10621
-9680
-9538
-8520
-8881
-8171
-7128
-5890
-5464
-6766
-7815
8383
10771
9117
8056
7737
10416
10704
12239
15072
18189
18242
19639
20612
21514
23603
22732
25406
23432
23094
24995
23202
21387
18986
16329
-4079
-6658
-9507
-8553
-7007
-8106
-10731
-10780
-12872
-11585
-12847
-13009
-11977
-10977
-10632
-10168
-8828
-7642
-7780
-8356
-9552
-10470
-8689
-6375
4296
5117
5193
2435
4462
3185
2195
1912
2268
3076
3127
4548
5583
5631
3622
7556
8409
9713
12368
14668
13573
13302
14443
16278
8017
8766
8807
8028
6800
7989
7434
6546
8408
9170
7270
7696
8791
7137
10733
11117
11193
11111
11936
12566
11054
10548
10777
13518
497
296
-47
3731
6024
5352
4630
4629
5143
4094
3809
6343
5693
5874
7709
8352
9828
10044
13247
14374
16117
16302
17978
18688
603
-316
-192
1797
3148
3114
-17
1818
1928
428
-891
-3088
-1099
-739
-205
-1093
-1161
571
-1307
-1308
-560
-871
-263
898
4249
4248
6575
6282
6522
4325
3196
160
-1209
-1620
-3003
-4688
-5201
-3188
-2155
846
1419
1524
366
1223
4263
4896
3435
698
-10978
-10693
-10026
-9005
-7686
-7863
-8771
-9114
-9755
-11985
-11355
-12760
-12334
-11600
-10443
-10444
-11624
-11028
-8455
-11744
-13242
-14150
-12475
-14059
-1264
-246
695
-2154
-1674
-4345
-3097
-2741
-1958
-2179
-1974
-5553
-3439
-4283
-4809
-3398
-3360
-3708
-1989
-2831
-3054
-638
1462
674
2682
755
216
2712
3760
3860
3695
5116
4838
4059
3899
5289
3987
3712
5444
5650
7509
7148
8694
10469
11406
9679
8972
8466
2532
950
1079
1184
218
1522
497
-1526
-1443
-200
40
1881
1627
1038
307
446
2900
3005
2502
2553
3974
3609
4739
5102
-5266
-6462
-6400
-4457
-5401
-1907
-1513
-4362
-4608
-4893
-6276
-7465
-5516
-6166
-6599
-7657
-9986
-10529
-12848
-13863
-13536
-13394
-13109
-15746
11836
11235
12670
13789
15200
14478
15619
16129
15111
14605
14221
11868
12893
13603
13486
13646
15249
14942
14977
15323
14236
13659
12880
15597
3938
6057
5151
2550
2895
2452
1851
2291
6146
7486
7358
7087
4300
6177
4737
6080
5815
4797
4610
2860
3930
3957
3546
4533
8271
8466
8728
9268
5166
3522
2023
3444
4736
5332
8500
5732
5902
8154
9676
9381
10605
11623
11728
11563
10651
10807
14365
13800
-4398
-5970
-6028
-5552
-5326
-7382
-9595
-8574
-6639
-7657
-6957
-7228
-8547
-8514
-7195
-6293
-4315
-2698
-1996
-2784
-3597
-2849
-1879
-3142
-4842
-5102
-4291
-2829
-4824
-4680
-3432
-3609
-4627
-5771
-5850
-5207
-3507
-1206
-36
120
-375
-1628
-1437
-237
112
-1449
283
-2
1773
3803
3264
1577
2233
1092
2824
-910
-464
-1766
-2227
-1026
-2116
-3783
-1770
-624
1406
2613
2415
3352
3346
2342
3790
4657
2113
2497
985
1615
1169
3496
3845
2449
3183
3689
2969
1696
1601
1036
2895
1984
2490
422
-782
-1067
-2343
-3616
-2050
-2051
9650
12104
10797
9922
7877
8433
9287
11573
12892
13514
15814
15591
14718
15459
19701
19664
17894
17767
16494
15419
15279
17179
18197
19257
-4580
-3298
-1468
-1389
627
2995
3095
2184
-1255
-1716
-1270
-1572
427
-717
1369
-1480
-1521
-2616
-2460
-2692
-2952
-3495
-1717
-3464
1686
3005
1944
1596
489
1013
-936
-1571
-1594
-2026
-4245
-1391
-267
1154
-1421
-235
1733
-622
-3388
-2535
-2373
-2658
-4557
-6411
-3162
-3514
-3799
-5526
-6871
-5436
-6054
-9319
-9257
-9393
-7377
-6864
-6472
-6042
-4166
-4210
-1353
-2371
-3389
-4099
-2938
-4214
-5496
-8187
3812
4138
3313
5119
3139
2854
1850
-486
70
2300
2229
499
476
1210
-974
-1259
1704
-813
-1036
1797
495
34
-2163
-2428
-14264
-13886
-14798
-13885
-13091
-12056
-11491
-10834
-11761
-11656
-11927
-12068
-11072
-8190
-7774
-8317
-9452
-8938
-7308
-8179
-10580
-8564
-6407
-7888
-3361
-4733
-3700
-3067
-4823
-3980
-2244
-3532
-3000
-1078
-1043
-511
1364
2040
4056
3691
5020
5475
7218
9307
9436
9820
8212
11097
-776
-1866
888
-1783
345
-2280
-191
-539
-1841
-1780
-2863
-2069
-4221
-5043
-4442
-4443
-5314
-6920
-7455
-9038
-7733
-6455
-4909
-2907
-2604
-5976
-4565
-2990
-2634
-2082
-2328
-3356
-2205
-2970
-5074
-4137
-1907
-2508
-3156
-870
-1317
450
12
-514
-1434
-1029
-847
-1982
1694
86
-1572
-578
843
2023
821
-1247
-447
-2964
-1005
-3949
-4027
-4250
-6402
-9459
-8014
-8446
-8028
-8144
-7087
-6066
-6817
-4828
7715
10288
11309
11040
10275
11296
10247
10357
8975
7673
7778
8431
6504
7441
9468
11214
11167
9963
9696
10341
9677
8677
8777
8215
-3684
-1955
-520
3014
3542
3764
3980
5104
6566
4913
4628
3998
2725
2465
3428
4528
6158
5557
7255
5435
7735
6626
8950
8242
2182
3701
3430
3814
5676
4243
4659
5796
7932
7153
8517
5079
4752
4729
6756
9119
8984
11614
11618
13053
12227
13711
14020
13559
-3833
-4592
-5322
-4904
-4426
-4534
-1677
-2133
-3125
-1290
-766
1978
537
-889
1863
2363
2959
2278
2202
2017
2954
2062
2164
3469
-4062
-2975
-2549
-3408
-5809
-4514
-5964
-7378
-8890
-10508
-10092
-7238
-9991
-8180
-5639
-4218
-4607
-6578
-6835
-4313
-4678
-4224
-6102
-4250
8258
9601
9465
5682
7226
6136
4912
3813
3424
2050
3155
3260
5003
7525
3837
3132
3207
4382
7410
8513
9789
9171
11071
13374
-6974
-7739
-5496
-4874
-3713
-5511
-2372
-2359
-1396
-1051
-235
1497
2150
1279
3057
3994
3074
3526
1221
2032
3477
3872
5556
6861
1478
2496
3514
4508
3468
2699
478
-1247
-580
-1708
-3980
-4826
-3803
-3147
-4064
-5280
-4156
-3303
-3193
-3706
-499
-2601
-1734
-1256
1828
1609
2097
3048
4251
4264
3514
1811
2724
2218
2780
5026
3965
3077
2792
5035
3733
4650
4701
4908
5262
6399
5502
5407
-4947
-2502
-2868
-2070
-1287
-3531
-4517
-3590
-2425
-2812
-1399
452
611
-760
-1295
-2246
-1484
-3567
-2878
-5785
-4111
-3377
-5007
-6260
-652
-481
964
2242
2742
854
-24
392
-1264
-1405
-2787
-6653
-7134
-10693
-9104
-9221
-9822
-10552
-11274
-11924
-10620
-9579
-9216
-9116
-7463
-7536
-8253
-6237
-7203
-7226
-6348
-6655
-8554
-7700
-10157
-9501
-10092
-13194
-13953
-13061
-10918
-10915
-13465
-14175
-10993
-9363
-9196
-10719
30
-796
666
1212
-349
-3954
-1384
-4598
-4528
-737
2534
3488
2347
1172
-837
-1522
-1723
-905
-72
406
-1439
-1011
-1422
13
11234
12512
11038
14343
15480
15702
18706
18721
17703
17064
16429
13741
16622
17465
17652
16873
18851
18706
18483
18344
18490
19402
18398
17277
-4124
-1748
-1646
-2535
-1500
-4356
-4745
-4456
-3746
-3357
-1457
-1228
-3602
-4746
-2810
-3449
-4544
-6389
-5938
-7898
-8106
-8697
-10394
-13078
3845
6727
5924
6350
3604
2479
1608
967
1079
2694
1550
2123
1863
2005
752
-49
-334
-2212
-3100
-2871
-3178
-3414
-497
454
-4553
-4838
-3287
-2126
-691
-365
436
-389
527
-996
-462
-1449
-1799
-3052
-2254
-1838
-2123
-1565
-3335
-1312
-1356
-1000
-214
-1313
-2887
682
1045
3538
1213
1491
1206
-1038
-724
-270
-3435
-2441
-1765
-2591
-2862
-3745
-4395
-2950
-4321
-739
1940
2237
3844
5707
6640
7066
7415
5692
5518
4929
5581
5611
5446
3944
5620
6368
5609
7030
6113
5904
6761
6480
3760
4677
3271
634
437
1702
-5983
-4005
-3688
-5332
-4338
-1872
-320
928
1095
2035
2972
3682
123
-752
-1457
-3667
-2567
-2838
-1417
-2053
-1970
-2939
-2123
-1052
-11914
-12795
-13216
-13705
-14057
-11108
-12541
-11992
-12497
-11724
-8453
-6129
-4410
-4181
-4322
-4972
-4556
-2697
-3476
-3498
-2836
411
-340
2490
10900
10851
10097
8394
8634
8268
7983
11456
13745
11705
15788
16806
17540
16209
15714
14984
13376
10639
12466
11736
11952
9957
11105
8339
-8643
-7647
-9715
-10406
-13255
-16355
-16356
-16357
-18113
-15502
-14198
-13093
-12734
-15928
-16467
-16774
-16856
-16120
-15263
-14242
-14243
-13825
-9535
-8087
10135
8661
6994
6646
5867
5905
6572
6728
5984
7084
8959
10481
11955
10297
11472
12777
12422
11163
11848
11948
11456
13699
12681
10231
9018
10853
11669
11707
9555
6864
5562
5810
7504
7219
7978
5781
8228
5649
4732
4343
5200
4520
6109
5618
5977
6809
6808
6523
-1784
-2659
-2640
-3261
-4599
-2908
-3166
-1802
-2935
-505
2065
2064
3738
1159
670
1418
853
1279
-1122
-3937
-2818
158
157
3436
68
-1650
-1494
-1441
-1509
-2015
-3633
-2030
-3258
-3906
-3379
-3380
-2063
-852
-2234
-4411
-2822
35
114
2452
3873
3983
2808
1439
3336
1862
1159
1980
3085
319
-172
-432
-653
-1857
-2122
-2064
-2416
-3057
-3598
-2293
-3006
-1593
-1244
2184
773
3028
2437
2099
-4580
-4591
-4587
-3766
-2734
-1313
-789
1500
2024
3329
3327
3188
1992
3581
4413
3679
5384
6832
6908
6835
8875
8336
9847
8959
-7412
-6293
-6586
-7236
-6218
-6108
-7835
-9051
-9701
-10547
-10885
-10763
-9083
-9775
-11502
-12377
-12743
-12167
-13469
-14315
-16579
-16566
-17276
-19311
3162
1235
235
-783
-2418
-2650
-1629
-608
-213
795
289
1584
-123
730
1527
2584
3605
4724
4148
2841
5131
2792
3189
2783
-4877
-4735
-5514
-5714
-5999
-7600
-5205
-3342
-2348
-2157
-1998
-1782
-1413
-2330
-2971
-2261
-1013
-2574
-1455
-563
-1969
-745
53
1594
7200
4256
4331
3790
5502
4872
6141
8049
9497
7096
5794
8056
8191
9394
7669
7798
8063
9953
9094
7427
3644
2245
2969
3947
-5119
-4831
-8045
-11650
-13577
-12619
-10480
-11137
-10119
-10625
-12513
-10623
-9860
-9444
-7893
-6588
-6299
-5516
-6018
-4828
-4247
-3384
-2852
-2163
2472
2858
2780
2640
2740
3792
3569
2470
2663
242
-829
903
2608
4214
1664
3543
3542
3057
3167
4094
5515
4666
4359
3600
3126
4826
3668
1907
3426
2555
2593
1705
985
1271
3620
3635
4738
4075
3245
7367
7180
8299
8763
7984
5712
5665
3869
2414
-70
2531
3082
4816
3543
2399
2114
1738
2630
-265
-1340
-3349
-1387
-1748
-4514
-6107
-3428
-3713
-4423
-3101
-1369
-246
-2518
-3875
-4128
-5542
-5624
-5633
-6978
-8525
-7858
-5673
-6264
-3748
-2040
-2406
-1388
-2300
-3181
-4069
-2764
-3639
-1209
737
907
735
2328
-1090
8646
7597
7312
9212
8257
8320
8133
5097
6258
5151
7073
7926
7560
8473
6820
4398
3494
3037
3036
2565
1042
1937
1220
2811
-12742
-13304
-12594
-13714
-11775
-13972
-16843
-16652
-17607
-16753
-16172
-18527
-21040
-18902
-19548
-18324
-16592
-15171
-14447
-15069
-14364
-14600
-15033
-13511
6714
6648
7172
9718
9247
7228
8285
9960
7668
6619
4481
7909
4491
3333
2744
2638
2570
2737
3333
2939
1669
3983
4709
3456
11945
12661
13812
14252
13377
12667
9723
9584
9519
11333
11761
13231
15390
17349
16731
17584
18903
19417
17802
16802
17059
16752
15476
15726
1012
1006
1355
280
1252
2843
3002
1970
1705
408
-70
72
-2091
188
-97
532
570
569
1279
2693
226
936
3653
2804
-914
-3585
-3345
-1963
-1887
-1536
-3142
-2148
-1189
-2781
-2176
-6008
-9700
-10195
-10750
-9589
-9149
-5553
-4007
-6902
-7653
-8019
-8413
-7367
-3685
-5352
-3393
-2953
-2132
-4284
-5379
-7493
-7887
-8025
-10103
-9863
-10998
-12372
-12373
-11702
-10421
-10692
-10024
-8473
-10035
-10347
-9196
-8486
-2237
-4375
-4930
-5772
-7048
-6906
-6426
-6711
-6976
-8959
-7938
-7492
-7357
-6349
-4546
-3525
-6541
-7590
-6878
-7335
-5471
-5458
-4538
-3300
8169
8269
6566
5135
5587
6143
3200
463
-1036
980
1994
5790
6692
7762
8346
8397
8661
7359
3987
2329
1421
694
-677
773
7504
7090
5417
6242
7121
6934
4325
5011
3537
4531
1889
2935
3060
2599
2434
2779
2472
4404
4085
2881
3126
2361
3302
1305
-2515
-1983
-1813
-1156
-2174
-2170
-4127
-4906
-7979
-6149
-6957
-5963
-4644
-3626
-3897
-5185
-7856
-8340
-8257
-7975
-8278
-7824
-5083
-4791
11637
11082
15378
15107
16273
16778
14630
18058
17052
15145
18054
14142
14015
14686
15450
15596
13929
14962
15247
14517
15300
16178
15602
16596
11122
8654
10005
9720
11593
13993
11861
12280
15537
17567
16371
13928
14781
12489
10305
10380
8108
5213
3415
778
493
145
1450
1463
971
1771
-367
-3676
-3569
-2698
-4198
-4206
-3087
-4136
-5140
-3856
-1618
-2584
-1184
-1679
-550
-450
-1015
-1286
-149
-1149
-395
545
-3160
-5797
-6748
-7574
-6942
-5213
-5568
-7475
-5291
-6662
-6845
-8774
-8064
-7777
-8270
-8846
-9293
-9576
-9474
-6336
-4755
-4694
-4125
-6891
7312
5848
4230
625
1643
1971
2722
1876
8
2433
4022
4021
2747
3708
5440
6046
8452
8443
9118
11548
11325
11720
11949
15114
-433
-1304
131
-210
739
292
1122
679
-172
-380
-603
832
1221
3355
6261
6520
5280
6039
4895
2024
2620
1403
101
-1313
7242
11265
11278
10681
10416
11178
13013
9918
10655
11460
14150
15855
15205
13271
14167
13388
10809
8366
6072
7209
10391
8701
7936
9068
6442
6658
5454
5882
7246
5958
5902
8024
7753
6637
5065
5670
6127
5632
3994
3953
3369
5040
6773
5524
6843
6761
5869
7540
6232
4930
5577
6941
3868
3671
6310
3299
6132
4112
3827
2599
3017
3492
4226
4102
5350
1119
483
-354
-2736
938
456
-2057
5917
6314
3989
4096
4524
3653
3334
3395
1398
1792
1082
2617
620
-1234
-2637
-375
-376
848
2997
1345
2758
3423
3214
2558
-15513
-18122
-18161
-17921
-19042
-16400
-16991
-15959
-16876
-17900
-15470
-14707
-13959
-13081
-14334
-14034
-13117
-12826
-13738
-15732
-18744
-18745
-17903
-18393
-5872
-5730
-7770
-8177
-8164
-10341
-11187
-11243
-8618
-3922
-2816
-3733
-6297
-5692
-6601
-8038
-8919
-7819
-10112
-9193
-10063
-10334
-8746
-9578
1966
1867
493
1449
-2808
-2911
-4986
-4262
-4815
-5220
-7433
-7560
-10416
-9668
-6500
-7940
-10660
-11201
-9301
-9250
-8304
-8372
-6196
-8619
273
1152
2187
2946
1922
2027
5209
5141
4519
4855
4503
2148
4056
2725
5893
4740
6518
9765
11340
14457
16866
18507
19140
20420
-16707
-16703
-18807
-19584
-19214
-17030
-18826
-19935
-19918
-20946
-20706
-20991
-21262
-21278
-22149
-23635
-23822
-24174
-26004
-26259
-28147
-26279
-25555
-26671
-8270
-6654
-6176
-7001
-6950
-9222
-10240
-6074
-7323
-7174
-7459
-8284
-9914
-10018
-10640
-10533
-10082
-10353
-11085
-9861
-9255
-7841
-8126
-7674
-14722
-14190
-13634
-13218
-12562
-13728
-15723
-15129
-14689
-13668
-13365
-14095
-12815
-17072
-18972
-18973
-19258
-22725
-20179
-23419
-25146
-25996
-26197
-26184
-804
-1454
-1378
-952
-2817
-1823
-4589
-3672
-1926
-3629
-2078
-2349
-3651
-4639
-4650
-3766
-3388
-3989
-4316
-6223
-4274
-3828
-6830
-7713
3613
4304
3809
3422
5151
4281
3041
2987
2502
5491
6734
9731
8713
8800
10813
11229
8361
6956
8468
8573
7271
5087
2843
1984
-10646
-9936
-10064
-11366
-12278
-8994
-9882
-8328
-7658
-4544
-6247
-5831
-5237
-4664
-7775
-7994
-9294
-10286
-10273
-9319
-9397
-7251
-7083
-7207
2644
3077
3345
4377
5371
4281
3186
1841
2186
3657
2208
564
2296
5058
6493
7745
6362
5146
6381
5840
4567
5585
3707
4739
-3463
-2119
-2342
-2303
-3468
-3582
-2147
-2713
-5765
-6780
-4412
-3864
-4087
-2151
-467
-2283
-2222
-1460
-2484
-2006
-4677
-5183
-4242
-5490
-3786
-4341
-2752
-3553
-5051
-3347
-3486
-3162
-3398
-1560
-1903
-1130
-1266
-613
-1530
-1815
328
1240
1315
1839
3810
1836
3071
446
-5814
-5500
-4925
-3025
-4663
-1767
-2052
-617
-2237
-790
-893
-2725
-4899
-5731
-7171
-8083
-7429
-9719
-10004
-9558
-10576
-10049
-10924
-11574
-7475
-9056
-9902
-13636
-13921
-14982
-14542
-15264
-16405
-11401
-10096
-8196
-10141
-8409
-8694
-7827
-6890
-7669
-8294
-6415
-8955
-8985
-10724
-8995
-4670
-4595
-2073
-1279
699
347
1872
-102
1656
526
-262
-1564
-3191
548
-93
-2088
-2573
-6646
-9935
-11163
-10709
-12669
-14005
-14228
3356
4945
5318
3392
2447
1682
1614
3239
2912
3017
3800
4100
5338
6072
5184
6706
7811
8303
10319
10429
10158
9204
8674
9475
-6239
-5880
-7263
-7121
-6752
-6570
-7161
-7949
-5622
-7549
-7536
-7096
-7017
-6104
-4515
-6534
-6794
-5747
-6136
-5339
-4669
-7834
-8767
-8398
641
955
364
75
53
-2013
28
100
-2795
-3080
-1168
-1779
-2015
-2275
-864
-1864
436
2396
4024
4232
2801
1419
1200
922
1804
2955
2499
3223
2354
2353
1685
230
954
-980
-127
-3594
-1751
-1504
-4968
-5092
-3702
-4110
-5245
-6650
-8623
-9078
-7339
-8957
-3712
-3602
-437
-1782
-1721
57
-2969
-2210
-2064
-3447
-2367
-1311
-2088
-1930
-3299
-634
-1235
417
-358
282
-270
-1778
-4897
-2491
8824
11317
12027
12603
13730
16071
15349
14997
16432
15677
14203
15651
15758
16184
16183
16258
15479
13977
9944
9922
12355
12118
11661
12601
-18008
-18009
-16280
-15532
-15927
-14795
-15430
-14884
-14154
-13925
-11909
-15198
-15751
-16530
-17180
-16688
-16773
-15916
-16468
-17486
-16843
-19266
-19996
-22397
-8251
-7356
-7699
-8335
-6746
-7783
-8559
-7983
-7984
-7012
-5458
-3512
-5130
-7913
-7806
-7664
-9420
-6471
-4959
-2813
-5362
-7418
-7675
-4288
-5422
-4404
-3680
-4301
-5011
-3562
-4611
-4918
-4919
-6350
-5826
-8059
-7027
-7470
-8808
-11973
-8716
-8712
-7859
-9083
-8262
-9179
-7952
-8447
5201
3049
2778
3147
3023
4017
3852
2981
3127
3861
3366
3969
4861
3292
1319
-1131
-4167
-6074
-6853
-5107
-5662
-4357
-3336
-3418
-2722
-2434
-2249
-2472
-2608
-4554
-5109
-5884
-4723
-5502
-7570
-3810
-2071
-1053
960
4812
6090
6825
7481
6506
4922
3212
3638
2414
9152
9151
8268
7393
8387
7943
8053
8999
9575
7497
7265
8854
6677
6623
8558
9358
7161
6809
6590
6700
6354
7611
7610
7542
2920
5750
2714
6361
6706
6649
7850
7772
10800
10515
10071
11261
13937
16897
17607
17252
17986
18086
19210
17507
16906
16565
19706
20869
-14896
-14513
-16283
-15035
-16053
-17348
-16612
-18310
-16610
-16251
-14351
-14352
-17138
-17135
-15122
-14836
-14783
-17914
-18456
-21173
-19273
-20042
-19294
-20004
-5967
-4805
-2816
-1227
-1553
-2305
-2267
-1557
-2345
-1621
2139
2957
2307
2841
2133
-1107
-22
972
2289
2448
1295
295
441
777
-457
-2542
-2206
-1266
-3855
-1593
-1563
-2480
-2397
-1278
-544
-1187
-2258
-1405
1025
1236
3529
4547
2808
2585
1955
1873
-1258
-34
1234
2255
4507
3885
2583
2688
4412
2745
3906
2997
3356
4661
5188
6004
6998
6281
7716
9541
9996
9064
6792
7772
6829
7269
3221
4767
7032
6253
5688
5465
3175
2833
1815
5373
7025
10723
10438
12560
14163
13388
14247
13987
13444
12349
15917
16451
15273
15268
-5077
-5078
-5953
-6213
-6554
-6825
-8256
-7867
-7721
-10330
-9620
-8585
-8502
-10424
-11628
-10380
-10651
-11430
-11177
-8033
-8525
-7929
-6375
-7246
-3938
-1973
-3271
130
-807
-2482
719
436
-685
3051
4188
5751
4772
5996
7301
6442
7916
9077
7708
8245
7150
8701
9621
9672
-4101
-6996
-5916
-6327
-7710
-7657
-9407
-10413
-11617
-13050
-13493
-13347
-12126
-12836
-15303
-14885
-14452
-16381
-15647
-18243
-19318
-18646
-18773
-19619
-8609
-8145
-7151
-7416
-8336
-9248
-9297
-9849
-9973
-9355
-7609
-7057
-8130
-7420
-8702
-7450
-9031
-10249
-11696
-10237
-10792
-8848
-9731
-12676
4376
3751
4146
2540
1292
1129
2434
2818
2276
2516
2732
12
-3593
-4265
-4343
-4993
-8730
-9888
-9234
-10213
-9190
-7276
-6374
-8430
-5836
-6683
-8896
-9936
-9864
-8698
-9050
-11818
-12428
-13701
-12357
-11133
-11769
-13407
-14186
-11469
-11470
-11076
-10908
-8786
-9467
-9654
-10798
-13834
-1768
-1908
-2750
-3400
-2108
-403
1032
120
-2982
-5628
-6416
-6782
-6836
-7615
-7263
-8825
-9944
-9417
-8098
-6923
-7208
-6229
-8837
-10099
3250
1452
-1065
-1606
-338
1083
825
2484
4384
3725
4319
5073
6819
7998
6869
8494
7693
7314
4856
3766
6946
7439
6651
5516
-5104
-6103
-6497
-6291
-3171
-4669
-5942
-5891
-6270
-4929
-5236
-5304
-7102
-7228
-8116
-9698
-8964
-7956
-9707
-9310
-10314
-10796
-11002
-12798
-4233
-3497
-1529
-1794
-738
673
2484
734
-1358
-15
-962
-958
2183
2534
1755
3200
2196
2930
4178
2961
1399
-1051
-138
856
175
2461
3696
1806
-427
456
1600
1791
4203
6243
7903
10020
7478
7213
5285
8580
9598
10917
11059
11468
11249
11985
9847
9453
-7892
-6905
-7207
-8790
-7979
-7560
-6110
-6417
-5028
-5772
-5616
-5152
-7534
-7284
-6259
-7535
-6230
-5125
-7464
-8559
-6361
-7614
-7682
-9215
-5550
-5964
-7769
-7064
-8636
-8529
-9529
-9881
-11011
-9275
-8175
-9477
-4500
-4807
-5288
-5700
-6597
-7656
-5878
-4737
-6111
-5955
-7243
-7953
1677
1898
4141
3006
1352
2016
3690
3184
1532
-2027
-4922
-8801
-6146
-3877
-4926
-4216
-3611
-2267
-2060
-1642
-1782
-841
-1820
-1144
3036
2771
2654
3959
5664
4362
4284
3989
5694
7948
9393
11536
12673
11885
15026
16369
14479
13191
13624
13676
11593
13609
16880
15561
3272
3400
4134
4290
4635
6087
7119
6725
7795
6166
5278
6402
4334
6553
6782
6952
5808
6118
8240
5961
5331
5498
4449
4097
777
1631
921
-1157
1525
-1195
-290
-912
-1454
-2954
-1933
-2814
-4666
-6707
-6972
-5383
-5239
-5524
-2253
-5720
-2958
-3913
-4962
-3359
-1802
-3505
-5368
-7742
-7594
-8600
-10797
-12415
-13342
-16453
-15292
-16296
-14458
-15080
-15081
-18686
-18033
-19653
-19505
-18484
-19372
-19373
-16943
-16455
8980
7642
9006
10988
11842
12260
13849
13887
15910
15627
15320
15035
17711
20649
19562
21192
20637
22605
23675
22555
22390
20267
20280
23418
11183
7827
7888
8531
6288
7012
6527
5877
4223
4771
5757
8019
7754
9876
10785
11343
13178
12980
14141
14381
14832
16424
16948
17155
-18419
-18074
-17220
-16826
-12273
-12979
-12171
-12936
-14164
-15900
-16002
-17594
-17879
-19767
-20038
-18503
-18361
-16940
-17211
-17812
-17915
-14798
-13698
-15489
7521
7178
6683
5381
5123
4837
6212
3850
4350
4450
5496
5211
2046
2899
4843
5473
6814
7622
8773
9201
8043
8911
10917
10632
-3092
-1931
899
2334
4764
6804
6750
6957
5395
6427
6195
7371
7235
6740
6392
9288
8807
9558
9557
8682
9500
11253
11679
12130
10159
6909
5607
4568
1801
1986
937
2358
1708
5122
4073
5330
4209
5477
5217
8098
7665
7539
6478
3877
2857
2856
3877
2859
-83
-1381
-1884
-4115
-4111
-4371
-3093
-2808
-805
-1486
-1487
-3934
-3199
-3400
-3468
-2614
-3896
-4210
-2026
-3524
-2111
-4848
-4924
-5479
3072
2161
3883
2903
5763
5685
3853
4563
5726
6850
9848
12197
15003
15896
17028
15826
16042
14315
15049
16884
17113
19399
19114
17404
-1830
-2609
1086
1834
2260
1348
2366
1078
1375
1959
1761
3466
841
1181
2486
579
4949
5602
8459
10338
11010
12151
11467
12628
5002
5032
3460
2580
382
-387
1865
2094
913
-458
-806
-1158
-256
698
-1049
-1611
-2822
-2105
-3059
-5481
-5646
-7691
-8221
-11199
-1419
-1487
852
2663
2728
-980
-3700
-3104
-3323
-5062
-2916
-3443
-3736
-3901
-2196
678
2224
3056
5356
4519
7130
9038
9634
9935
-4064
-3043
-2089
-3001
-1566
-2216
-795
510
-31
1439
1361
2382
5886
5916
5651
4556
5564
5496
4156
5093
2281
2280
-914
-628
-43
1237
108
2271
1354
2032
3400
2884
1704
816
1304
1133
1371
735
3620
3552
4008
2670
1782
529
-854
-4459
-3472
-2237
-729
-3840
-6531
-6053
-5849
-5028
-2574
-6702
-6248
-7536
-8453
-10037
-12491
-11584
-11282
-11553
-12203
-12744
-13937
-13519
-14169
-14405
-11148
-8180
-307
-471
-45
-2289
-2655
-1704
-763
-831
-1026
-2192
-4771
-4671
-4571
-4145
-4084
-2873
-3158
-3079
-2441
-2015
-2634
-1781
-679
-453
-3029
-4331
-4792
-7305
-8568
-8777
-8023
-8802
-9806
-12797
-10227
-10959
-10960
-9368
-8974
-9724
-8587
-9068
-9167
-10052
-7609
-6432
-5313
-5549
10144
11863
14426
14298
15401
15506
16460
16228
15438
18726
16836
15563
16682
14614
12237
12688
12718
10791
12187
13663
13590
13252
12950
13295
-6314
-6841
-9607
-8729
-7481
-8819
-9312
-10221
-9915
-9786
-10973
-12160
-10609
-10923
-11142
-12160
-11398
-12186
-14054
-11057
-12543
-11522
-11839
-10821
-3126
-3474
-5829
-5459
-8461
-6589
-7027
-7298
-9381
-9666
-11804
-12309
-13773
-13663
-13126
-10293
-9583
-9686
-7697
-6738
-6998
-5832
-8029
-8524
-5067
-5068
-6864
-5723
-2695
-3997
-5707
-5785
-8078
-7978
-8463
-7159
-5878
-3916
-4471
-4823
-3518
-2270
-2237
-3333
-5240
-6798
-6975
-4101
1817
2628
-316
-2224
-2207
-2650
-1983
1134
-839
-840
1303
1116
803
802
2534
3777
5248
6226
6144
5076
5671
3556
3741
1909
6198
5307
5523
5387
4892
3515
2297
4600
4335
3097
1809
2309
3557
4861
4417
6884
6495
5730
4411
3776
5228
4992
3654
3870
4165
5840
4770
4554
4318
5575
7304
8469
8961
9117
10278
14014
13413
15313
13623
15223
13639
14156
14708
16170
15615
15566
17241
17240
8156
8977
8002
5460
5782
5181
5681
5104
5757
5300
8130
7242
9826
9507
10644
7404
8114
8746
7341
5970
6425
7135
8093
5495
-1780
-2265
-2536
-1125
-1539
-1617
-568
-1906
1375
1188
917
362
-995
-1122
-215
-3027
-4335
-3803
-3093
-3031
-4255
-1844
-2421
-1526
6032
5761
4783
2854
1862
2603
3337
2632
1204
4372
5820
2709
3457
3836
4492
2836
1737
3326
7308
6505
4825
5949
5957
7037
-4679
-7258
-7635
-5619
-5904
-5678
-5352
-5429
-5795
-5733
-4130
-5225
-4491
-5432
-5573
-5512
-6694
-6679
-7338
-6177
-6462
-3354
-3519
-2695
-1547
-252
345
2050
2622
2821
4436
5440
5183
3847
2748
3546
5976
7281
6690
7109
9198
7182
5727
5716
4999
5128
4552
4638
-6529
-6313
-3626
-1921
690
-713
-1647
-1338
-2250
-4177
-3077
-5100
-5484
-5401
-5977
-6255
-3114
-1370
-352
1406
388
697
3663
578
-10968
-11311
-9284
-9044
-10326
-9207
-12447
-15399
-14142
-13850
-12261
-11261
-12386
-12646
-11814
-12157
-13989
-14906
-16194
-17680
-15948
-15214
-13271
-12986
563
-993
-139
2161
1585
3871
5036
4342
7318
7831
4907
4922
5386
3696
5815
5489
7467
6772
6003
4753
4103
1682
3130
3842
8357
10609
10575
12304
14317
11215
9741
9883
7246
7321
7801
5193
8684
7668
11209
13298
14435
13751
13116
11439
11630
8844
8871
8922
4758
3907
1839
3144
4263
2858
4293
2857
2824
4826
6520
7082
6540
8351
9584
10323
11423
13583
12051
10798
13067
13743
13826
13928
-9214
-8779
-8433
-9053
-8193
-8748
-11327
-9603
-5758
-9019
-7181
-5719
-5658
-4339
-5069
-3908
-3752
-1995
-1569
-1854
-4527
-4528
-3391
-2371
79
-1597
-2314
-2225
-2083
-2248
-4994
-8757
-7438
-5719
-3289
-1392
-1114
383
1134
-1050
115
-26
1563
3114
5233
8480
10069
10174
-2534
-2734
-1756
-2406
-4427
-3179
-3982
-5979
-5966
-9387
-9158
-7426
-10827
-10300
-12842
-13433
-16282
-14977
-14926
-17672
-18700
-18565
-18504
-18916
-528
878
268
436
1684
1840
400
1888
3543
4821
4514
6838
7264
7253
7016
9873
7107
6377
5907
8477
8577
8926
11318
11912
4499
3687
4495
4864
4607
1741
2278
4140
2464
2441
1566
916
2040
1451
3003
3495
5895
5779
4859
6280
6794
5354
4637
5388
1923
3514
3000
3004
2216
3475
4462
3372
4818
429
3830
4057
3389
4101
4330
6073
6859
6685
6021
6394
5744
4775
3404
3654
-11272
-11642
-7633
-7947
-7780
-6604
-8942
-6912
-8150
-8410
-8688
-9821
-10672
-11066
-10307
-10578
-8135
-9666
-10948
-10603
-9662
-9981
-10711
-8849
3343
3215
5283
3644
2963
4966
8524
8113
9386
8327
9251
10283
9184
10205
10834
10976
14260
12855
12731
13872
14129
14940
14862
14497
6217
6576
6862
4379
1850
2633
3927
4296
4158
4248
2320
4463
6718
7631
5008
4067
2271
1176
1485
835
429
35
19
-1283
-3851
-2262
-2401
1581
1192
251
-963
-1286
-2927
-2487
-3915
-3142
-3313
-2494
-2779
-2204
-2556
-1145
1544
1843
3670
746
892
2211
-12245
-11829
-11977
-13072
-14739
-14261
-12888
-11453
-12103
-13210
-11362
-11527
-11528
-12603
-11666
-11296
-11080
-11975
-13571
-14281
-15141
-14711
-13290
-13499
-10658
-13108
-14147
-14321
-13640
-15390
-16666
-16667
-17145
-18163
-15405
-15944
-17220
-16377
-15010
-16212
-15974
-18263
-17837
-16802
-15497
-14875
-17322
-17376
-6448
-5968
-5512
-2368
-3704
-4045
-5333
-6245
-4324
-3891
-6246
-5211
-7326
-6648
-6042
-6608
-8880
-8881
-9859
-9882
-10047
-11609
-10672
-11960
1088
1827
2162
2896
1985
1927
319
-727
551
-3482
-3538
-6827
-7961
-9659
-5414
-5285
-5023
-4850
-6885
-6045
-6210
-6375
-5719
-5881
-9586
-9510
-10169
-8672
-7448
-8630
-8501
-7928
-5555
-5679
-8080
-8245
-6834
-7933
-9445
-9404
-11057
-10246
-10741
-10631
-9637
-10060
-7241
-10597
19120
18260
19384
19778
19426
20247
20417
16941
17181
19043
18975
20988
23088
21065
22525
23462
24672
21926
21557
23755
23773
23694
26165
27487
-17441
-18346
-18698
-20080
-23265
-22422
-23760
-24403
-24352
-24420
-27327
-28589
-26727
-28590
-28063
-26758
-27043
-26579
-27015
-24585
-26795
-27362
-25500
-26150
3328
1828
5824
5948
5947
3227
2956
2604
3544
3963
2598
1934
129
-577
-2178
-3360
-2560
-557
-2210
-2940
-3148
-1839
-1980
-1017
3008
2381
3826
4228
5084
6673
3841
2802
3435
2851
3210
4218
4814
4259
3164
2984
2955
4036
2820
4978
3705
491
1253
-437
-3006
-2864
-3951
-5050
-6388
-6088
-7419
-7767
-10010
-9748
-9980
-10251
-9998
-10283
-10716
-10428
-8839
-10408
-12926
-10910
-11262
-10292
-8886
-7854
10354
12408
11369
10604
9968
9403
8216
8345
9079
10184
9534
8060
9341
8927
9276
6875
5420
5627
8481
7449
7321
7609
7422
10225
8997
10219
9934
9224
9679
11528
11162
9842
7263
8708
7609
7838
8467
7165
7103
5176
4363
4281
4906
5665
5930
6348
5983
5490
-1060
-3797
-4922
-8340
-6656
-7008
-8012
-7356
-10521
-10336
-11364
-13252
-13104
-14406
-14118
-13902
-13903
-11747
-9611
-11883
-11913
-12039
-10671
-9366
12410
13845
16091
14767
14853
15831
13447
13508
12206
13028
11788
10085
8289
7654
6803
5645
5615
10195
10172
8445
9155
8660
9769
10117
2241
1981
1346
3075
4370
3981
1356
1498
2817
4522
7106
7038
6910
6035
7522
5622
4702
4622
3174
2693
4425
1481
337
4008
6514
7935
11052
13195
13709
14472
15111
14510
12027
9083
10913
8147
6585
4271
6680
3737
7592
9183
7370
7824
7980
8576
8575
8223
520
-496
-1240
-2160
-2055
-511
650
609
-593
-431
-926
-4045
-4916
-5742
-6473
-6033
-4192
-4191
-5624
-6603
-5232
-4508
-3203
-4252
-6272
-7321
-6327
-8441
-10232
-9281
-8816
-8755
-6182
-8508
-9526
-9833
-11071
-12583
-12283
-11262
-10808
-11073
-12122
-13998
-16448
-15224
-17766
-18127
-7199
-8021
-6442
-6518
-7522
-5790
-6285
-9416
-9268
-10550
-7303
-8283
-7843
-9708
-12745
-14122
-12082
-9806
-11929
-11930
-12201
-15341
-14617
-14566
4661
5661
6007
5736
5513
3187
2823
2741
2982
-706
-977
-120
-1926
-25
264
-2819
-3104
-1659
-1880
-1535
-714
-4
-1091
-238
6365
7422
7811
9222
10254
9546
12000
10346
9899
11320
11381
11703
14731
15894
17118
13335
14749
15263
14877
15871
12562
10811
10957
14522
-4819
-5739
-6718
-6278
-7066
-7561
-5685
-5686
-5019
-3714
-2427
-2576
-1909
-3140
-3040
-3996
-4585
-3550
-5477
-7180
-7484
-7485
-9283
-8559
-10366
-9723
-9234
-10252
-9774
-10553
-10824
-12432
-13635
-14390
-12490
-14138
-13601
-12580
-13223
-12580
-10875
-11001
-10599
-10916
-9597
-11109
-13388
-12563
-13778
-15371
-14736
-14069
-15818
-15515
-17962
-15843
-15379
-16397
-15727
-18838
-20140
-20035
-19508
-20270
-16025
-17752
-17984
-18336
-17315
-17575
-17118
-17013
0
156
-732
-1615
-4065
-5910
-4087
-4842
-4391
-3973
-4890
-6946
-7379
-8379
-11490
-8322
-9159
-7998
-7368
-8417
-10594
-10865
-10866
-10332
-8432
-7091
-8448
-8319
-6338
-5555
-7385
-8601
-9975
-8810
-11149
-10292
-8346
-6824
-6538
-4424
-7934
-6202
-7840
-8490
-8074
-9646
-9974
-9864
-9140
-7873
-8155
-8164
-6161
-6809
-9575
-9157
-9922
-9266
-8504
-8842
-10144
-10898
0
-956
-3169
-2120
-4680
-5738
-6112
-4808
-1626
-618
442
-537
595
1305
-668
-2180
-1646
-628
-935
-1006
-1918
-729
860
2606
5077
4522
2961
1803
2376
1100
-1442
-775
1241
1810
-213
-214
1091
-262
-1535
-1820
-115
-349
-1602
-2473
-638
-680
765
-14
2313
2681
3754
4603
3670
4015
2325
600
1383
3435
3150
6718
9264
12405
13994
16035
17283
17993
0
1445
-1002
-373
1359
2271
1330
883
959
370
1402
2153
3388
3604
3157
2108
-1181
-667
1233
-41
-179
-450
274
273
-1311
-175
-668
278
1684
2516
85
1537
1647
1362
740
105
1518
1097
2686
2316
3064
2650
4393
5272
4591
5364
4346
3010
3523
7017
5516
6370
6454
6734
6747
5409
5190
5098
4746
3728
2937
4953
0
-530
260
1638
3844
2769
-362
3206
5044
4414
5124
4394
6410
4970
5362
5280
5596
3148
5185
4297
1036
1227
995
1523
1168
1806
-711
-2543
-1908
-1255
-2235
-524
-3867
-5665
-6577
-7356
-4218
-3575
-4581
-5819
-9349
-10033
-8444
-7695
-7980
-5656
-5359
-5438
-7710
-8746
-10836
-12762
-10508
-10948
-11289
-10338
-8888
-7569
-6291
-7728
-7852
0
710
723
1577
755
754
2973
2348
2516
3240
4113
3337
4407
3797
3483
2704
4409
5528
4600
1489
999
2535
2614
2988
5364
5341
5118
8146
7569
9456
6736
11121
12283
11836
9165
10822
10021
10188
12761
13720
14657
13591
13696
12422
15639
14236
12191
13513
13977
14106
17393
17004
17651
15072
13876
12011
11895
12183
12105
12853
0
1530
1529
1658
-339
1496
194
1641
-494
1017
-126
-2054
-519
494
378
-233
3311
2523
3804
2222
4371
4639
6193
8482
11238
12414
11543
12704
12674
13350
13079
13424
12151
13455
14358
11414
10751
12196
11735
12770
10465
8222
8662
9199
9933
10763
9605
10235
10735
11267
13811
13138
14262
14122
12834
12028
12480
10982
11342
11405
0
853
1804
2045
2026
528
944
1468
1894
563
1422
1151
-53
375
-791
-1077
-718
-2173
-2322
-901
1281
2173
2883
4612
4673
7944
7396
7349
7412
8390
9373
8100
9597
9231
11555
14167
12442
13761
11528
13817
13407
13440
11934
12721
13658
14358
14171
14599
14839
14167
14901
12977
11753
11310
11598
14742
15638
13711
14395
13774
13733
15608
0
845
2745
2134
1740
722
951
2978
3712
3716
5011
3996
5385
3731
2944
1173
1599
2980
1707
1851
1262
2013
892
1108
1086
2545
4845
4945
5371
3079
4811
6412
6002
4858
5172
4073
1784
766
961
4522
3393
5199
5456
7338
8913
11080
11279
13603
14457
14883
13409
13020
14602
16334
17769
17462
17354
17405
16651
17220
14089
13243
14088
0
-650
-1145
-670
324
2586
2409
2398
3416
2926
6197
3161
2336
804
1042
2346
1567
3041
2776
2241
106
1425
2000
1246
-214
-864
-1353
-216
-2508
-1487
-2577
34
-1854
-759
519
1229
2674
3255
4225
4100
376
-62
456
5137
3305
2287
4098
6545
6288
6931
7031
8053
7274
7503
8104
5861
3690
3658
4738
5248
6710
5580
5055
0
1806
2689
-301
-688
-1306
-2019
722
437
740
739
103
-308
546
-977
-1599
-3419
-3642
-3581
-5457
-5534
-4597
-5732
-5576
-7573
-9133
-7972
-7983
-5729
-5475
-4338
-6917
-6773
-4610
-5386
-5780
-4898
-6456
-6157
-8057
-9140
-10748
-10330
-9384
-9509
-6371
-7150
-6575
-5130
-4190
-3942
-1915
-3131
-2698
-4790
-9096
-7991
-6129
-8626
-8378
-7605
-7081
-7624
0
2223
3847
3533
6472
8191
4951
7083
8529
9102
10547
9782
11217
10366
8690
9785
8665
7047
6754
6343
3925
5173
4155
2537
3247
5263
5200
4915
6352
3469
3117
4204
2277
1498
2155
1803
2515
3428
56
3529
3658
5517
6549
3763
6644
6118
5833
6109
7058
9450
10056
8957
7315
8054
9786
8582
5471
5460
3724
6565
5277
6501
6965
6850
9710
0
-1845
-1191
-1756
-37
-209
-60
-345
-434
-657
-725
-2309
-1904
-2705
-2597
-2596
-5751
-4811
-3196
-2147
-1413
-1400
-2682
-327
-276
1860
1659
2929
3029
2390
2389
5639
4590
2550
3520
3820
2143
1552
1267
1977
2845
4899
6091
4388
4636
2248
1696
2609
4006
1157
662
456
-96
2156
1121
48
580
-722
-1217
-911
640
419
0
1238
56
766
1
1181
1967
3462
2757
2324
1465
2743
2696
6965
6035
7403
9265
7035
7553
8386
10118
9885
12424
13402
12290
14306
11361
13426
14136
12507
12852
12843
13367
13940
15257
14870
13795
15993
16423
15788
15992
17095
18214
19674
18947
20774
22814
20503
19867
20702
20942
21974
22079
22557
22168
19746
19062
19440
20458
19698
0
-283
570
1981
1951
1445
1464
1813
3224
2837
3978
5840
5061
8629
8877
10666
10381
11560
10781
11838
12943
10960
11386
8245
9191
8274
9809
10662
10023
8796
9060
10019
10227
9848
11437
11853
11706
11259
11258
10383
10623
11872
10880
9506
10615
12880
11644
8773
8432
7989
7600
7909
8401
8141
9547
7156
6601
8229
7211
4856
5118
4339
0
2016
-405
-746
748
-900
-1820
-2372
-4168
-4026
-4943
-4419
-2119
-4520
-6043
-6528
-3240
-4157
-5175
-6783
-7135
-6103
-5677
-6456
-7930
-7998
-9404
-7942
-8830
-8930
-10189
-8428
-6470
-4632
-3997
-2692
-4842
-4896
-3307
-3477
-4495
-2364
-2726
-3503
-5155
-6663
-6765
-6171
-5030
-6591
-6424
-4549
-4249
-3539
-292
-430
-534
-1512
-1783
-1343
-1978
-5172
-9096
0
978
-1683
-4133
-3031
-1572
-1924
-3372
-4980
-3801
-5468
-6526
-8224
-7984
-6133
-7607
-7196
-9231
-8363
-6760
-7253
-7311
-7415
-6098
-7322
-7257
-4646
-5612
-5186
-1737
-3120
-2451
-4078
-4416
-2684
-2387
-3948
-3532
-3916
-4775
-6462
-7480
-7380
-5237
-6175
-4470
-4755
-5026
-4278
-5153
-5519
-5693
-5867
-6422
-5565
-6867
-4567
-3286
-3140
-4784
-3738
-4003
-5305
-5244
-5725
0
-601
-1812
-2941
-3920
-3921
-4522
-4355
-1379
-2052
-2547
-3824
-7300
-9626
-11284
-10290
-8062
-6319
-7476
-9485
-11353
-11540
-13644
-13544
-13439
-12739
-11906
-11133
-9168
-9006
-10733
-9698
-9780
-8532
-6765
-7050
-7983
-5861
-7608
-8696
-9791
-10392
-10660
-12587
-13885
-14121
-13905
-14496
-14410
-15686
-14962
-14292
-15092
-15385
-13369
-16040
-14892
-15503
-13501
-15048
-13897
-9939
0
919
2238
3802
552
1560
2122
802
958
1556
5268
6022
5253
5650
5752
5199
6644
7514
5458
7047
6766
7293
7264
4099
2727
3437
2746
4889
4606
4583
4413
3691
4608
4032
6363
8470
9775
8702
15159
16492
18611
20357
20503
21060
17323
17452
20460
20749
19536
18974
20222
18782
19722
19451
17230
17897
19370
18533
17720
15237
15379
14221
0
1448
1902
1400
-172
-1460
-4202
-4434
-387
-742
-1044
-1302
-761
1150
1072
1418
2853
5038
6469
6814
5632
6940
7082
6658
4731
4417
5992
3489
3935
3678
418
164
1199
374
-2550
-1445
-1716
-6599
-8320
-7001
-9036
-7812
-6816
-3508
-5543
-3952
-4812
-2258
-1724
-484
-1046
-2334
-1015
847
952
316
1863
3967
3259
2471
3125
2763
2411
0
13
-2342
-1632
-4481
-6024
-6734
-9949
-10641
-7808
-9511
-7979
-9587
-9107
-6636
-5215
-5297
-4314
-6238
-5662
-3646
-3749
-5058
-3396
-539
-995
-646
-1848
1426
1338
633
2660
-127
267
1846
3455
3488
3066
4101
2390
1113
3178
6032
7438
9766
6850
7868
8616
12205
11409
13478
12797
11909
11130
9748
8534
9955
8657
7226
0
107
841
2065
1570
3376
2398
1685
589
2130
157
-338
-988
-1136
-3313
-4292
-5615
-6110
-5968
-4215
-3180
-3451
-3025
-4418
-3565
-2149
-2044
-2315
-2089
-2312
-2044
-609
581
1683
3388
2542
2087
1917
2352
1809
1848
2659
2888
1020
458
1836
2720
543
-599
-800
-2204
-3986
-4300
-5276
-3779
-3718
-3800
-1900
-465
-1101
-3201
-2064
-1564
-1464
-29
-70
0
643
642
433
831
1180
2496
2035
1446
2156
2574
1669
-376
-906
-85
-474
-349
1691
1034
2507
4113
1571
1317
-1449
-2320
-2675
-2862
-251
-1620
-1464
-5198
-6187
-8765
-6664
-8367
-8715
-6572
-5551
-3376
-5444
-4409
-3723
-3618
-169
-675
1444
2381
2956
1907
493
212
1161
1558
1206
-835
-1376
462
-3417
-3960
-6486
0
1018
159
1787
66
-499
-1278
-1783
-1960
-3792
-5232
-3927
-3976
-5949
-7287
-7177
-6799
-7281
-6460
-7496
-10736
-9715
-10930
-10403
-10296
-13016
-12714
-16971
-17194
-16848
-17660
-15763
-15311
-13613
-16191
-18463
-17088
-16151
-14131
-12941
-11602
-10892
-11549
-12931
-13191
-12562
-11438
-10157
-8971
-8433
-7472
-7243
-7879
-7920
-9827
-9844
-8907
-8618
-9834
-8591
-8810
-7389
0
596
-422
-1877
-3445
-3075
-2695
-2785
-2258
-1944
-1622
-811
610
216
505
630
-290
2399
2274
5275
6296
7020
6310
7615
8282
8426
6962
7899
7903
8924
6817
4545
2618
2220
2290
3244
125
-1958
-3057
-3612
-2796
-2650
-6683
-5588
-5464
-5507
-5397
-5784
-7331
-7182
-9027
-9000
-12073
-11811
-11466
-9024
-6815
-7475
-6440
-6129
-7037
0
762
575
107
369
1334
1596
572
1593
1419
3008
789
-413
-1272
-442
1241
3565
2065
1926
3010
3826
3877
4625
2000
-579
1321
3986
5718
2825
1414
3458
1281
2979
2694
-251
1857
-387
577
679
886
1564
785
-1392
-1638
-1585
572
2084
2061
1215
1641
1823
819
-334
-335
-1718
-3274
-3147
-3642
-4513
-3779
-662
0
-1914
-3483
-3072
-4162
-5074
-4655
-3759
-4314
-5231
-6366
-6651
-7157
-6203
-5949
-7287
-8859
-9414
-8680
-7693
-8045
-10972
-11361
-12542
-13205
-10375
-8670
-9435
-11408
-14257
-12241
-14878
-12305
-14762
-13944
-14229
-15896
-17054
-16709
-18574
-15298
-15769
-14958
-10846
-9890
-8609
-9969
-10679
-9716
-9115
-8121
-6360
-6347
-5042
-6470
-4064
-3964
-3859
-896
-378
643
2178
1623
3352
0
110
-1018
-4183
-2938
-3930
-6129
-6169
-6969
-5975
-7903
-8409
-9590
-9875
-11975
-10360
-9423
-9109
-7745
-6699
-6698
-9275
-9276
-10836
-12454
-14250
-13397
-14541
-15545
-13144
-14772
-14240
-14298
-12979
-10430
-10684
-9214
-10858
-9233
-8338
-8325
-9042
-9643
-7588
-6538
-6845
-7266
-6787
-7282
-5245
-5600
-4582
-4142
-4430
-4453
-3717
-5549
-6097
-4365
-4314
-4050
-2629
-2203
-2426
-2645
0
-1204
-1060
-1839
-520
617
-743
-2891
-3162
-1146
-1311
726
2377
1956
4021
5308
5893
4712
5272
2377
3466
4379
5232
6964
7309
6122
8379
7533
11104
8683
6261
5851
6101
5931
7833
6982
7657
8881
8603
10749
9022
8314
8990
10295
11029
10764
11810
14072
14967
15113
15823
17198
13731
15405
15385
17363
14252
15774
14027
13762
12560
11580
12314
0
-54
964
-419
-543
-505
-1293
-25
2100
2338
3474
2939
3110
5068
7211
5725
4343
4342
4035
3325
2770
2107
764
935
-505
-97
-2211
-4872
-4340
-5751
-5076
-6479
-5446
-5020
-2100
-3632
-4731
-4867
-5737
-6309
-3452
-5014
-3340
-1737
-2131
-1137
7
2023
3769
3623
5029
5131
6436
9994
11594
12318
11136
12500
12786
13889
15040
13650
0
1284
1465
2273
3214
1287
-73
1089
2654
1889
2866
3452
3275
3522
3081
3223
1656
1819
886
692
1262
2567
2926
-633
745
-459
-667
581
1575
810
2802
4605
4618
3934
3217
2346
4376
4725
3428
2448
2594
442
1832
1053
3012
4280
4947
4760
4121
1353
2361
3796
5231
5931
5019
4149
6558
4454
4554
3708
6238
9915
0
-1004
-1001
-99
726
1672
1100
195
1146
-2068
-2168
75
2361
3522
4563
6009
5960
8120
7237
6966
5552
8748
8157
7899
6459
4493
6355
6514
5892
4846
3828
2769
3147
4452
5025
5028
4476
4477
3112
3111
3638
2379
3261
4174
5580
5598
3766
2538
2267
-183
-1841
-2600
-4432
-4073
-4034
-4573
-2143
-1717
-958
-3343
-3260
-2263
-1418
1699
316
0
-650
-1039
-1500
-1624
-1809
-1085
34
498
2447
5837
4693
6709
7828
9971
10225
11176
12597
13360
15829
17788
18867
20572
19497
19419
19895
19554
19748
22370
18981
19610
23462
21029
22114
23332
22420
19778
18433
16849
15053
14788
13443
13567
13687
14354
11837
10693
11945
13675
13309
14152
14308
12131
8368
9763
10612
7764
5864
2699
1792
1297
647
-436
148
0
1459
1472
268
516
2390
3368
5114
3552
2394
798
162
1102
4954
3859
2925
1035
2192
3416
2782
3660
3998
580
-424
1838
3851
4277
3211
3402
2637
4906
3604
3487
4127
4157
5060
1593
449
290
-2407
-2098
-2757
-3485
-1585
-2813
-3014
-6275
-8469
-6347
-5694
-4010
-2478
-5672
-6427
-6428
-8260
-6271
-5926
-5896
-6181
-7789
-7805
0
3351
3720
3393
4047
5895
3316
2715
4458
4909
4595
4349
3935
3623
3496
3144
1622
731
-128
-26
-1369
-1864
-345
606
145
144
-3083
-882
-1862
-1152
-3540
-3184
-5930
-5478
-7385
-9927
-11723
-13450
-11550
-9760
-7901
-4616
-1816
-5056
-4460
-5027
-5982
-6912
-4419
-5184
-5727
-4156
-5409
-5589
-6165
-6476
-6140
-6314
-7616
-7674
-5658
0
-386
635
-295
-661
-946
3039
5028
7017
7117
7933
10118
6651
7213
7288
6523
6144
5555
5420
2496
2495
3719
5851
7002
9015
7733
8467
10056
11918
11208
12513
13247
11441
8152
8862
5473
6579
7549
7863
9514
10371
8668
9060
10184
9085
5351
2008
-2605
-5342
-1466
-329
160
433
-3255
-2682
-4610
-6153
-5417
-2576
-2158
-1125
36
-852
0
1589
2113
775
2788
4380
3356
4465
1699
-2334
-1880
-315
-1193
-1429
1120
45
1516
3532
1477
726
-302
-2911
366
3839
4103
2531
2036
-1428
-963
-1270
-2641
-2922
-3842
-6405
-7317
-6463
-6664
-7732
-6385
-6910
-5651
-8213
-10933
-11282
-9160
-9621
-8911
-11361
-10945
-8539
-8621
-8437
-7713
-6796
-7565
-7867
-6215
-4580
-4945
-4719
0
-2990
-3356
-5353
-6012
-8529
-9757
-12086
-11029
-11300
-12998
-12061
-11635
-13599
-14319
-13379
-13615
-12881
-11576
-11577
-10472
-11490
-11415
-10842
-9705
-6952
-6322
-4306
-4873
-4454
-4725
-5869
-6760
-9431
-12010
-10989
-11554
-8129
-10372
-12855
-13221
-12119
-12197
-14490
-14713
-13465
-14369
-15320
-15158
-15297
-12970
-15437
-15789
-13240
-13476
-14976
-14536
-16657
-15068
-15609
-16609
-14298
-13645
0
1413
1048
-1020
-1737
-1581
177
-2149
-4582
-3561
-2955
-2974
-4468
-2182
-4604
-5533
-5387
-6486
-4856
-3708
-6545
-5524
-7974
-7629
-6888
-7601
-8513
-7327
-6966
-8478
-8763
-8501
-8581
-9024
-6532
-4502
-6429
-6714
-5916
-3531
-4905
-4062
-3345
-3263
-2724
-12
-248
1365
2630
2993
1811
716
32
332
-1684
-140
-3176
-4429
-5304
-6014
-6285
0
1305
-257
5
-1139
-2708
-177
-588
-1002
-2868
276
-1107
1726
535
-56
-421
522
-162
636
193
-1534
-2106
-2601
-3451
-2381
-2666
-3345
-2313
96
550
-1126
-675
-752
812
-1527
-2648
-1059
-1127
1200
1626
2447
-132
1493
2223
2022
2217
2727
3065
3207
4455
3676
5551
2468
2529
2264
1533
2109
2788
5213
6532
6230
7962
8108
8961
9556
11261
0
2246
4939
6801
8790
8957
8857
9851
6611
5880
5514
7282
6264
7359
7872
8954
8910
9366
6350
8285
10329
6957
6247
3556
2861
4205
5199
2620
107
2281
3005
2369
3505
4641
4356
3174
2920
2463
809
-1456
-2172
-2310
120
1825
1554
1059
935
1507
1188
1396
802
1778
2502
2501
1483
2467
1036
3431
4679
3558
-47
333
-268
-155
0
1445
2764
3277
4707
4341
4325
3586
1883
2491
566
961
2623
2982
1680
1910
2644
2643
3095
3952
2645
1880
1315
1790
-881
-1267
-533
-601
-64
685
94
-636
-2671
-925
678
655
-216
805
1613
2200
2370
3348
5077
6325
6636
7731
8090
7179
8274
7719
5044
5700
4734
5198
3163
2878
3637
5053
5201
6195
3653
3466
2875
727
814
-1254
0
-219
1370
-462
1771
1276
2927
3311
3729
2318
6163
6806
8487
7756
10083
8752
7464
9954
11916
13151
13202
11067
10383
11286
10636
6948
4931
5506
7011
7044
6601
7595
7965
6688
6193
3921
3345
2632
4022
2384
3118
1714
3236
3476
2289
635
2579
2148
1130
-462
1589
6453
8705
7589
8337
8788
11218
9386
8098
8808
11922
10942
0
-1558
147
-3242
-5784
-2835
-322
311
1059
1120
1119
2397
3445
3160
3870
2109
2819
2430
2885
2498
5639
6591
7009
6516
6307
3561
5451
5553
6206
6127
5257
6705
5606
7041
7141
7111
5151
5150
4655
7148
8457
9577
8864
8453
8395
8001
6955
5906
6301
3087
5072
4678
4197
2915
-158
-2581
-4612
-4726
-8983
-6967
-8427
-9786
-9052
-7393
-7580
0
-1099
-3678
-2454
-3512
-1783
-5388
-3630
-4344
-3965
-2127
-1887
-8
1616
-85
-209
928
-999
706
-24
686
-2034
-2946
-2166
-515
-2787
-5020
-7375
-4617
-6672
-9757
-9023
-7578
-7658
-7845
-5380
-6513
-6073
-5040
-3745
-3021
-2291
-1644
372
-387
-1304
828
-374
-1354
-2415
-1058
-2532
-1798
-3100
-1511
-2572
-139
-669
-3518
-6380
-4648
-4121
-4291
-3448
0
-1000
-2085
-5664
-6843
-10531
-8634
-12035
-14920
-13408
-14163
-16248
-17294
-17219
-17560
-17633
-16812
-16934
-17121
-16657
-16928
-16780
-17224
-15907
-13029
-15795
-14408
-12727
-11706
-10458
-10852
-10152
-9117
-10295
-9652
-8952
-8536
-12070
-10338
-11226
-9699
-8837
-9696
-9661
-9032
-10341
-11983
-10759
-10760
-9844
-11146
-11708
-11917
-11274
-10405
-10532
-9044
-6614
-8365
0
-2766
-3051
-5413
-6701
-8922
-8149
-6690
-9884
-10103
-9248
-10520
-11228
-10655
-13550
-13810
-13934
-12899
-13998
-14283
-14635
-13330
-12097
-11671
-10552
-12417
-11112
-14214
-12256
-10937
-9633
-8822
-9107
-11649
-14248
-13808
-13511
-12476
-10267
-10545
-10119
-8184
-8453
-7134
-5687
-5433
-6353
-9099
-8928
-8542
-7818
-8303
-7766
-4790
-4372
-3946
-3409
-1120
-2107
-5179
-6553
-6689
-8791
-7272
0
1649
-1520
-1886
-3188
681
1822
1197
-669
-2594
-3316
-1398
1200
2519
-398
1786
-459
-892
-3067
-1656
1085
1795
2351
1999
841
-796
-1546
470
2199
1420
1812
1547
701
441
-114
1748
4441
3139
4844
5333
4421
3326
1718
3139
4076
5573
7403
11272
13561
14372
15215
15161
15475
15940
15939
16017
16224
16156
14229
11286
11242
11744
0
-384
1037
2128
4026
2829
3577
5112
4113
4324
988
681
2116
1980
419
396
794
-465
-772
-1327
-1987
-2247
-1499
-2171
-2101
-2586
-1681
-744
3990
3936
4081
2558
2609
4314
4313
6441
6089
5737
3412
775
1936
374
-3064
-4068
-4233
-3660
-4425
-4785
-5515
-7144
-7533
-8246
-7211
-6477
-8676
-7016
-6306
-6360
-5339
-6248
-4673
-5450
-5342
0
-2355
-2720
-5487
-5424
-4035
-5400
-5086
-4982
-4634
-3444
-3445
-3811
-2507
-501
-261
900
2143
3106
2396
3429
3662
7220
7909
6337
4430
1759
-2331
-2259
-2600
-2315
-4560
-2709
-1261
-2250
-4469
-4323
-3004
-2333
-4318
-866
846
1040
-2826
-2481
-2374
-593
-1078
-1989
-2089
-4760
-4334
-2591
-3927
-3914
-2455
-1501
-974
461
-1436
-2072
-767
-1888
0
-1474
-2782
-2258
-3035
-3790
-4567
-3122
-3407
-2413
-1679
-858
-423
-1461
-26
712
-1689
-2041
-1803
-2691
-1957
-2307
-4103
-2374
-3220
-3584
-3891
-4088
-2048
1285
2509
2774
2609
1596
1752
1309
890
443
788
531
441
1862
495
1022
-266
-761
-545
326
-748
-2197
-1176
-2656
-3277
-5343
-3084
-278
-373
200
-132
-181
-1801
-3017
-2601
0
146
-613
-89
2057
1041
1481
2514
2593
3614
5630
6700
7924
8601
9325
10146
9794
9834
8532
10264
10186
9691
11606
11383
12418
11639
14496
13930
11351
10336
6573
6660
7055
7996
9653
10105
9943
11571
10367
9301
10437
9942
10809
11336
12249
13482
13400
13266
13594
11351
13736
15752
17484
17700
15503
15404
14765
16540
15441
16441
17665
17159
15067
13107
11904
0
849
157
1746
1398
1617
3038
2118
2912
4036
2968
2557
-1048
-654
1195
2630
1328
2433
2593
3663
4316
4315
3465
2935
2726
2279
211
5218
5425
4113
2028
-1390
-2271
-539
-1364
-1335
-1233
-450
-710
-316
-1093
-359
-283
1058
1691
1325
3731
5880
7623
7852
9297
9606
9063
12347
12644
10253
11804
10887
10346
7987
8203
8692
6428
4991
5207
0
1248
1789
877
-1544
-726
-1037
-43
-2444
-4119
-2592
-1392
-1225
-1333
-1618
398
390
924
2459
2236
2287
3392
2791
1317
3357
4026
2503
2362
306
1314
194
1836
-739
-4120
-3685
-1980
-2569
-1628
-884
-278
1244
5366
1603
-900
-2306
189
1486
4059
3670
6811
4884
5186
6891
5124
6251
6312
7022
6737
5915
5630
4980
2971
3722
5643
5704
5054
0
857
2474
4596
4377
1927
1516
-915
-1007
-863
1437
2147
3558
3251
4529
4969
4181
2701
3866
1759
1988
725
-3058
-3071
-3560
576
-1061
-107
-30
1808
2927
1415
1925
3076
3706
6850
6849
8206
9651
12046
12995
13430
16742
17111
14503
13201
13786
13151
14586
14269
13831
14590
13584
12903
11923
11273
10385
10650
9068
8679
9889
10837
0
-1204
670
-888
571
-1722
-2024
-295
-139
571
-337
-189
2663
936
-2827
-3112
-4944
-4528
-6847
-7185
-7456
-7457
-6436
-4293
-3924
-1672
-3010
-3389
-3930
-5134
-5005
-6803
-7088
-8361
-8808
-8462
-8923
-12055
-13825
-14736
-14083
-13146
-13971
-13647
-12303
-12543
-11395
-9771
-10659
-9067
-8838
-9856
-12040
-10892
-11870
-9261
-10784
-10424
-9473
-8724
-9300
-9316
-7611
-8229
0
958
1755
1038
-250
856
206
-2179
-3323
-2329
-870
-70
1827
1910
2644
4065
2966
4093
5111
5624
5459
4964
7216
7324
7530
6512
5890
3248
3012
2008
1867
298
29
1811
3557
5671
5603
5584
6318
7869
6285
3174
4301
3004
1816
1145
2450
220
322
194
-950
-240
-1614
-1885
-3681
-4353
-8610
-6829
-10434
-13154
-15103
-13798
-13439
-11850
-14400
-14468
-15541
0
-125
-277
1353
574
-205
-1903
-909
-950
-1505
227
758
-530
718
-1190
-905
-1009
-2048
-3430
-3429
-1402
-2704
-3234
-1683
1070
1281
1386
1607
1218
2345
1158
2890
3614
3917
5155
3457
2807
1505
791
-592
83
313
-1594
774
1368
2176
1828
911
-1557
-1496
-1385
347
-631
-541
-1789
-4246
-3210
-3408
-3617
-3510
-2383
-4880
-1428
-963
-817
-1120
0
478
2070
632
347
2609
3074
1110
839
-859
-2713
-1548
-919
1083
1084
1313
1143
-980
-1734
-2383
-2023
-2019
88
1831
1882
1599
3499
733
1042
4207
1461
520
625
-1701
-4990
-6168
-5336
-4347
-5060
-3768
-1957
-2625
-2458
-4431
-5733
-3833
-5733
-5765
-6164
-7782
-7364
-5112
-4988
-3994
-5210
-4486
-4880
-5218
-7415
-6975
-6833
-7932
-5724
0
-965
-1201
-2259
-1381
1535
1681
1287
3260
3970
3357
5363
8423
7832
9267
9760
8080
9631
12491
13512
11605
12981
12216
12007
12553
14324
15332
15276
15505
12420
14534
12702
10647
11712
9675
7284
8705
8224
8356
6449
7092
5804
9005
10556
11661
12978
13516
14062
12490
11188
11060
10343
9139
10209
8776
7214
4746
4429
5538
4426
4967
3536
0
1900
1629
1939
3076
675
2418
1759
1028
-248
-173
884
2151
2757
2556
4406
1909
1274
1175
-523
-794
-32
-317
624
2640
3236
4090
6127
7159
6670
5536
5170
7662
7074
8011
9432
10551
8225
8224
9218
6970
5410
4392
6405
7428
6083
5812
6290
5667
4871
5265
6700
6968
6473
5509
5927
4427
5862
5677
3930
5235
3866
3581
2180
3304
2573
1851
