      SIDESTREAK PLAYER ROW PERC   BANK ROW PERC
               1             0.2             0.6
               2             0.4             0.6
               2        0.166667        0.666667
               2        0.166667        0.666667
               1        0.166667        0.833333
               1        0.666667        0.333333
               1        0.166667        0.666667
               1        0.333333             0.5
               3        0.142857        0.714286
               3        0.142857        0.714286
               1        0.285714        0.714286
               1        0.571429        0.428571
               2        0.142857        0.714286
               1        0.428571        0.428571
               4           0.125            0.75
               4           0.125            0.75
               1            0.25            0.75
               2             0.5             0.5
               1            0.25           0.625
               2             0.5           0.375
               1        0.222222        0.666667
               1        0.222222        0.666667
               2        0.222222        0.777778
               1        0.555556        0.444444
               2        0.333333        0.555556
               1        0.444444        0.444444
               2             0.3             0.6
               1             0.2             0.7
               3             0.2             0.8
               2             0.6             0.4
               1             0.3             0.6
               1             0.5             0.4
               1        0.272727        0.636364
