41753
55293
52857
37962
23748
3546
-22263
-31087
-19830
-10724
-29203
-38780
-62494
-47552
-65457
-51300
-56489
-47568
-79187
-70977
-83228
-77124
-75724
-86911
-68698
-62811
-84644
-79559
-94965
-84614
-80277
-79409
-77248
-89770
-104991
-94205
-108611
-135781
-137557
-139018
-137189
-139331
-133053
-111123
-106907
-114221
-107706
-102621
80873
90325
67228
66724
63756
52592
42272
37925
18153
31161
32604
22718
-5704
-12797
-22115
1431
3032
14289
26415
40292
24780
19633
17563
9479
-23731
-15672
-9080
-19432
-28198
-10104
231
-2349
-11157
717
-11701
-33185
-47591
-43987
-62086
-52353
-45746
-26099
-30820
-29718
-15841
-14190
-7998
-27089
-108122
-93864
-101000
-97796
-91561
-79372
-78224
-82141
-83262
-90103
-88955
-74373
-62758
-64312
-77541
-81710
-91036
-96936
-83059
-94841
-89635
-110088
-109451
-95574
-141474
-139176
-134091
-138540
-132653
-118395
-136725
-134205
-149380
-137485
-127444
-116937
-102277
-104943
-105727
-98666
-84630
-87598
-82392
-78298
-81346
-82352
-109824
-105717
116251
130408
105217
116243
122879
134440
145264
140259
120610
97073
101289
105383
105021
108143
96173
94539
76698
81858
101505
102006
103555
103005
117665
111542
16759
8215
11819
10107
5667
-1749
3028
-16744
-21465
465
4452
8862
6677
13443
9117
31362
26950
2235
21652
-4586
2180
19045
29409
-12391
-26810
-35792
-26420
-39634
-38264
-26117
-41973
-36767
-38952
-42430
-31066
-35772
-42908
-60182
-76226
-75589
-77904
-105981
-99525
-106013
-99377
-105686
-109855
-111238
34295
45889
55809
55699
67846
57758
38454
50580
57538
49274
44654
43237
45786
24131
21486
36950
51610
62715
67571
70121
76930
75426
56947
59410
-106707
-118209
-121292
-92940
-74162
-62568
-66615
-69663
-66862
-51051
-65265
-68628
-57675
-73067
-79011
-66634
-65092
-72845
-83070
-93690
-94445
-99575
-85418
-66619
40637
29889
22767
24016
29903
49320
52926
58040
53013
65390
74311
92950
103523
115259
72726
72414
67225
79351
79988
81136
89869
55095
78439
58237
1598
10519
5840
-8774
6275
7487
-5061
7316
-7076
-13154
-3701
-27050
-26476
-25294
-22187
2480
-7637
8346
-11426
-9128
12802
28002
33208
38854
108275
99839
91984
69380
83789
77164
80705
83628
86307
84020
68653
72365
71905
77671
89980
91129
73562
85156
99565
112853
112405
102167
111762
119063
31901
33982
48924
60072
57212
41125
35417
34382
57484
64785
89452
74763
70845
70282
56783
67780
90882
99803
83350
89706
84346
107067
109332
122620
50850
26941
-884
-3910
7454
3474
9785
12305
-5534
3416
21510
35387
40284
7886
19394
7863
7618
3311
17188
12674
17844
23490
35867
51067
-25673
-47328
-37257
-29859
-28489
-45323
-46274
-34299
-15134
-9343
5238
17225
39155
32768
47177
62119
53754
76229
73203
75221
71772
85808
92208
71818
11240
12789
2729
573
2654
3802
14166
28043
42079
42501
56658
73804
88163
86257
108187
90151
95060
84599
107852
122794
123942
134142
116144
109640
-5018
7129
-2707
-20466
-30043
-11949
-10256
6609
31367
25246
10231
-9073
-5327
-16463
-4589
-2027
7958
-7663
-16523
-6202
-694
848
-6905
3962
-7530
-5701
-2871
-9538
-3182
7844
13731
32279
34330
52424
70732
89510
90824
87741
85855
59243
53934
50205
54810
44206
38615
28778
16577
-13376
-100832
-73894
-83702
-85457
-71866
-70906
-54911
-66698
-72419
-82787
-96016
-86096
-101966
-114000
-99340
-110490
-125427
-123376
-104598
-103416
-101084
-113407
-115694
-103275
29462
17165
14699
4067
-29114
-32780
-31839
-23801
-17302
-48240
-47372
-39312
-16210
-40314
-36710
-49218
-37574
-48573
-44329
-34409
-33261
-32938
-31051
-34134
-63864
-54240
-57100
-49321
-51434
-46744
-27076
-23743
-34204
-41326
-38952
-33934
-56602
-40779
-47412
-40805
-27123
-17082
-19614
-28769
-38619
-16689
-14608
-12372
5335
8136
10405
12042
-20088
-31504
-21628
-16120
-32171
-42115
-23718
-22364
-12631
-17820
-6421
-1215
436
2986
16863
18320
33051
41972
72746
74575
151669
152329
153065
176318
199319
212607
216211
217782
238843
263258
250029
254366
250763
239512
226132
224749
217865
223525
234311
237622
231220
252051
254677
246672
56511
55007
76937
69623
77034
79088
64696
49665
42249
56126
66950
75825
69516
66468
70072
74145
75969
78892
83245
77804
66553
55805
47543
41966
-138470
-132997
-131346
-126469
-131160
-137533
-123820
-144742
-146735
-149783
-142896
-136218
-137505
-154842
-164105
-157485
-147666
-147006
-132597
-129783
-119058
-114454
-110844
-126701
63726
69961
54878
43525
31154
29600
15129
33677
53869
56670
55036
62337
61875
75415
94300
111892
87736
82103
88589
76338
88212
101270
100680
116705
-82525
-93438
-70803
-72796
-92883
-89802
-103283
-115151
-110892
-125284
-142851
-152790
-152884
-183822
-204986
-185556
-187346
-185423
-196993
-188941
-178216
-170006
-169238
-168601
29992
34848
29215
47632
61444
46304
33184
28075
42232
34458
30649
37148
52090
20191
30232
24110
-8568
-12297
-15209
-34248
-12318
2264
8173
-8043
103453
106893
113378
101745
112096
111061
96269
108458
105871
107334
134829
124697
119549
120417
132011
115055
108117
121125
132666
113575
125449
113667
105850
84978
99696
93280
68013
65832
57160
46591
48096
40782
21010
10052
32285
39878
11486
16176
8991
-6865
-19964
-8600
-28286
-23080
-12729
-32250
-50357
-35948
62593
79596
81025
78194
69909
86803
84618
75714
81625
88391
100768
108698
99291
76399
59701
49492
39140
36293
50170
39893
20854
20767
9134
31609
-22839
-31455
-40773
-20811
-1926
-15935
-10462
-21563
-33232
-41094
-48408
-55041
-51437
-29204
-43005
-19661
-40182
-40456
-58725
-52341
-40215
-51785
-47569
-64294
14230
2448
-3941
-9315
-10777
-39170
-52931
-34383
-27868
-9090
14163
12890
-24287
-25999
-23076
-19330
-18791
-50921
-45715
-33841
-46803
-16898
-13975
-8936
37566
40529
45002
48376
24300
14534
-13189
-20460
-12702
-14336
-32426
-46487
-51617
-40842
-18476
-10718
-17840
-41005
-38902
-56741
-76943
-106658
-108281
-108622
-84949
-73996
-79143
-80681
-85531
-84239
-89428
-76541
-63763
-45669
-41332
-52153
-28809
-18488
-2414
-8416
-12145
11401
7123
-3618
-14752
-34781
-34782
-19037
-38891
-65661
-73666
-78201
-63792
-58384
-67660
-67503
-78610
-93361
-87257
-86467
-104465
-96271
-104722
-106786
-112907
-128994
-148515
-126585
-112428
-108083
-110249
-122471
-57624
-33826
-52184
-46978
-49666
-47957
-50070
-47492
-58994
-71453
-104221
-90465
-97136
-93532
-81658
-67781
-70405
-86938
-81732
-68674
-84044
-68221
-71527
-83824
-54778
-44457
-28876
-32605
-20630
-13329
-1203
10944
38427
40481
23713
-19781
-15407
-49017
-32014
-10021
-5805
-6397
-9365
-5028
-13478
-15485
-11391
-35964
26298
27761
22911
-1804
13676
14458
13523
17739
-14160
-24220
-22901
-34403
-32752
-44872
-45334
-31298
-29749
-20147
3651
15387
9883
36821
26689
29893
-56932
-41481
-60887
-52346
-72118
-72902
-71754
-77195
-73952
-60664
-58835
-64011
-45970
-31561
-50865
-33862
-17248
-23558
-34997
-34175
-39191
-44516
-59705
-62285
56254
63357
49646
54731
43522
37298
48892
53229
68680
81199
94739
99127
113004
111450
135865
129900
122642
119377
105158
96325
95396
98319
110193
107964
-11488
-13278
-4186
19703
16210
17358
31149
42743
38136
48471
62283
64976
64383
53813
30648
-1681
10068
-501
-8614
-10799
-7957
2364
1243
-17277
-141287
-123193
-133294
-125364
-135853
-127772
-123435
-113427
-102681
-99216
-102184
-91984
-97603
-90983
-70283
-48353
-29139
-15383
-30721
-25703
-36423
-27502
-35084
-22707
-40828
-45426
-44026
-39810
-9036
-1359
30829
52759
50459
30498
14411
17288
4849
-27451
-41665
-50294
-33149
-24228
-15222
-3714
-1008
-21210
-28115
-45654
91641
103256
105310
113851
116607
105723
93522
86020
93462
68373
82782
88255
116607
108638
130568
130990
121405
127625
115505
118879
100256
86307
90279
78028
126481
133002
122928
121042
139136
126336
123403
128028
103472
87896
85329
78439
80988
91820
97026
99575
106253
114814
99447
119094
108165
84037
76723
88870
86597
100754
109315
103623
102350
89911
78975
89264
97997
90138
90992
88368
98941
100311
102329
86857
55639
56312
66383
78509
84995
78622
85610
90020
4548
28052
28920
34005
11160
26983
31084
42089
37795
48811
51143
52972
16727
30985
21651
25038
43707
58066
47497
50592
45913
50157
31133
51964
-60135
-56143
-56144
-64846
-68994
-71854
-52969
-84187
-80114
-73507
-80923
-76586
-96278
-91954
-100067
-87700
-102386
-101965
-93959
-83201
-97564
-79470
-64528
-58013
3293
11976
16666
23725
43372
17134
7017
8309
11563
9515
-2267
-8284
10494
7647
25741
35661
45018
36504
38565
45051
31128
34874
34873
22434
25651
5959
740
10811
-5842
4242
-11270
6127
12038
13867
27407
27045
24077
18717
3245
14980
36910
20269
18451
28522
38593
17075
24136
34471
-3321
-5757
-10585
-12727
13463
12749
23084
34100
1251
3398
13733
18818
38465
34433
20007
24344
7057
-760
21372
8640
5966
2918
1351
20236
44592
68390
49264
37762
23839
9413
19015
23055
24425
34244
57790
51654
69748
69410
69115
68904
49865
57326
52179
51480
42203
53460
37157
40824
-30875
-61813
-43719
-70039
-67116
-54194
-62324
-72480
-70829
-95573
-101443
-105172
-108535
-94378
-92549
-81976
-62329
-61181
-79660
-100113
-113756
-131072
-116663
-125559
16657
18120
16451
21657
9875
29543
33644
36350
34846
50577
39224
34029
18411
5972
-7789
-2704
-5848
-1060
-8625
-22787
-12867
-9944
-1080
-12733
-100028
-105280
-116021
-147470
-133111
-164478
-153875
-155106
-152923
-135496
-134142
-151098
-149017
-147056
-131233
-115159
-101002
-104480
-74575
-61014
-59601
-48596
-68368
-73339
19844
39352
52360
67020
67874
55273
65314
48393
51888
37258
42464
24374
45435
52393
49748
33984
29305
35791
20428
6667
14878
18373
30247
2422
-161143
-149126
-156117
-153539
-150738
-131321
-110260
-100778
-92999
-71069
-63031
-54979
-65879
-68194
-53252
-41126
-44604
-58365
-69781
-62188
-75321
-65869
-51712
-47022
-1620
-7788
2253
16913
10777
15467
34245
32181
44055
48465
59492
41402
25996
46827
49801
55610
57712
59363
64836
65777
55459
57389
40720
52084
30576
24352
34552
32797
34742
43617
47050
62099
60344
60032
65505
69880
64188
60229
63813
75722
78787
94519
82054
85017
98025
112973
128705
127195
-45338
-47703
-33402
-33363
-30549
-49854
-51918
-53013
-61821
-45237
-63860
-60937
-71787
-52464
-42055
-49435
-61732
-51756
-69855
-76948
-69342
-83942
-98837
-116656
26331
8734
12857
27588
42432
44730
56625
48081
37333
40296
26815
35736
37387
52678
73739
50115
27401
33288
36089
38143
41106
46220
52107
74037
91464
91123
81826
104461
98310
94283
112377
98368
118015
126053
128427
135955
132907
142281
161166
154219
173866
191458
213388
223709
239541
214682
209681
223221
-1793
10584
20711
33999
44334
38893
34444
35656
60977
63756
85686
77336
63053
44897
56771
53572
68232
73438
66302
29806
28030
41318
66076
71081
60888
72373
79331
87369
99243
76078
85953
55518
58441
32080
181
6947
-9357
-6394
-17178
-28177
-23159
-39462
-48910
-73718
-83555
-77056
-85821
-84216
-11187
9874
-22472
-15333
-17381
-20026
-31574
-29556
-43221
-33877
-52377
-55533
-79822
-73825
-54408
-57463
-37380
-36781
-41120
-21703
-33954
-28936
-24332
-27443
86690
105468
86444
98209
106290
91885
94081
86767
86720
96596
95135
94545
110671
108607
122764
138214
144004
136631
125278
118688
137573
122900
87208
62080
-77324
-57677
-52592
-41486
-58816
-65257
-62542
-46731
-36632
-13288
9096
10509
24666
20497
32005
39813
14976
27353
29685
22563
27581
26294
23979
42757
-1445
17103
22497
44730
28600
3511
-5766
4381
16507
5508
-17045
-14671
8673
-15236
-14662
-25763
-14758
-18236
-21750
-14970
-15052
11138
16344
9030
125642
125560
118756
123101
136109
120934
109152
98051
89600
69828
49375
60271
68029
82971
85533
72601
60481
63976
76353
88479
99495
79974
72657
71426
21535
2316
2996
-15524
-20462
-48437
-50343
-62584
-75797
-78996
-65240
-92282
-78470
-83413
-89535
-70757
-56600
-69251
-45907
-54727
-64040
-42979
-31385
-22844
-58303
-98903
-84364
-84173
-65008
-75643
-78490
-98943
-103237
-124988
-139414
-125055
-118744
-107848
-121994
-108671
-132386
-122933
-117396
-117844
-123218
-138902
-128580
-127639
-96854
-81403
-69788
-93396
-105516
-116617
-101568
-78567
-89451
-101680
-84685
-70225
-77361
-74014
-77931
-69893
-89853
-96414
-105648
-115966
-96960
-80181
-85140
-83556
-24792
-21096
-12916
-16178
-39357
-45329
-40324
-36503
-18727
-29297
-27897
-22879
-21509
5454
18232
-14433
5759
-13367
-32272
-43109
-47549
-29455
-40413
-37170
-46770
-43893
-52128
-39751
-50601
-48656
-32845
-23026
-22747
-19933
-32924
-11863
-31384
-16845
-59995
-64639
-56459
-59507
-82864
-112108
-105501
-98986
-102715
-118291
-3480
-517
10378
-13462
-27745
-39715
-15048
6882
-15794
-7253
12394
-19403
-7277
-7618
-4375
-27302
-42707
-26633
-44867
-34532
-40254
-35896
-56137
-52533
-63454
-63034
-82045
-92201
-110208
-102127
-106847
-103604
-99360
-84246
-85921
-73774
-66319
-75596
-62949
-53130
-39339
-35002
-15736
6194
16515
5114
7541
18546
-47732
-25802
-39603
-45605
-41001
-28854
-29358
-30393
-45330
-67094
-60738
-76062
-78837
-80723
-75563
-96938
-92722
-83120
-77137
-70638
-112668
-109603
-121493
-117018
12848
1495
-13162
-10239
-12352
-1119
7091
17986
47891
51955
46514
65313
86374
98248
63957
85887
67774
55740
57433
59451
44765
52975
40604
40012
43979
58136
28211
39826
24531
31017
19515
17551
20129
21483
29412
25985
-1309
-6974
-4030
-11152
10051
7866
7848
-1607
9650
16236
-13568
-25350
-17754
-1771
-9293
-27879
-58348
-61826
-56060
-51042
-68358
-55981
-57535
-44493
-32899
-39747
-35410
-31288
-19775
-32426
-44546
-74369
-85190
-88553
-78806
-72291
-29631
-17722
150
9752
3099
-16027
-7271
7060
-7434
2713
937
-48716
-51382
-36053
-30939
-35144
-41769
-32167
-48922
-47522
-42504
-31902
-39238
-40009
69968
88974
98707
73796
87790
61667
48454
60069
78989
98636
104992
93415
85516
97642
97532
81914
89606
105337
108878
113483
109909
128687
117334
119884
-38801
-37933
-36785
-48036
-55158
-30491
-21521
-17144
-3267
3248
222
3281
-10938
-7334
11335
11418
11588
26879
-6944
5072
22218
13933
26310
2464
-111014
-125228
-118491
-127136
-111313
-117183
-116315
-96807
-120108
-140068
-125126
-107032
-103807
-112525
-124839
-132656
-143655
-129778
-148108
-135221
-141594
-128536
-118336
-115895
-145507
-129009
-124112
-131971
-136181
-115882
-112787
-107769
-106918
-118952
-135397
-155083
-159151
-168917
-169567
-145769
-165541
-151384
-141782
-136016
-134467
-117242
-143732
-123770
35636
43394
62945
70903
92737
108971
119924
122847
104489
118366
129758
147852
146177
134560
118473
129369
129460
126729
138398
126616
138511
148832
164060
174927
-5821
-3740
-5804
-5303
4574
13449
1947
13180
27057
25533
31179
8252
-23647
-22000
-49974
-32749
-18089
-15791
-6309
-14423
-13641
-2156
2181
21828
-80735
-95408
-102930
-100466
-105064
-109906
-105569
-115699
-125284
-113690
-104740
-116661
-109983
-105910
-107796
-126074
-140747
-155396
-161705
-172526
-173505
-180921
-178867
-160228
-20866
-25510
-18903
-24344
-24391
-38192
-39511
-39472
-27598
-31521
-22680
-17573
-26938
-35303
-23790
2279
-1644
10252
7672
27319
45867
44594
36557
58487
29216
22591
27216
37941
28176
45179
43172
53816
37729
32649
21812
33069
33891
37129
-4723
-11038
240
6769
11876
9045
15637
2705
16862
19058
24470
14150
4313
1259
7879
17665
14187
40256
42949
51899
42314
18690
4068
8924
601
12216
4651
-1751
15474
13101
15182
30913
17448
12476
103940
87853
88044
85859
85648
92535
84422
67385
65219
75843
63894
59364
61193
66211
60371
53810
61501
80386
83187
103379
85131
104778
116307
111879
-50216
-57100
-37453
-40816
-47483
-44018
-50039
-45162
-35429
-46679
-40059
-41317
-20738
-45146
-46420
-48162
-44186
-30309
-16432
-11742
-737
17811
-1241
3636
66736
50866
62841
44734
51025
70672
77230
69464
86467
52605
51510
33751
31585
43459
47925
67572
59220
66281
77538
73244
84838
93788
105935
94936
30966
53098
54647
35556
22476
23846
-1579
-14047
-21427
-11825
6269
20305
10366
-22964
-14043
1688
24323
15621
-1147
-4115
6207
-6913
-37787
-51286
68651
76960
62380
65445
75170
83222
70417
80458
89191
88507
54684
63417
64602
67724
54604
41403
51430
59624
53902
39756
57628
52984
76086
51262
-52187
-45509
-60179
-53693
-61941
-46892
-61038
-63223
-51629
-38089
-30030
-43110
-28528
-34412
-61203
-39273
-42241
-66929
-81764
-94375
-89169
-100739
-112859
-104498
27003
37835
30713
39943
57719
35806
54726
72754
73936
84760
93853
83032
49170
52000
48300
58944
66341
68889
76099
79043
87333
108818
104670
127305
-39186
-16084
5768
11655
16673
4988
19484
31380
21171
28232
18144
26074
27725
38982
53564
52953
66241
68704
63761
78623
72313
75236
78741
68585
-4149
-2456
467
2735
13559
16482
25023
27305
29854
41448
51050
57686
73669
62848
39669
42453
49628
47048
48000
33562
18978
18223
14745
16848
-94340
-78769
-77621
-112381
-104244
-109102
-93028
-91199
-90698
-88178
-68531
-87051
-88324
-86243
-92072
-98513
-115281
-98122
-94267
-102631
-113468
-120418
-122985
-119611
-79409
-67966
-49872
-50879
-50600
-27347
-18426
4049
-22952
-10575
-22265
-21605
-7923
-10089
-33268
-36562
-37290
-69057
-74187
-90462
-89033
-96212
-99295
-90345
60676
42407
45488
40545
41076
18992
3228
-2579
18252
21495
28382
17863
33859
26529
-2743
-4126
-16160
-17957
-32132
-42485
-53306
-55850
-75154
-69948
50456
31296
52357
55689
66011
55628
47465
42105
48712
41527
50448
45918
45207
40180
5637
10655
12987
12742
9543
5930
16532
14747
34013
24469
-20774
-28591
-39841
-45093
-47767
-41089
-30949
-42050
-39718
-15583
-29344
-19742
-25464
-29077
-30644
-40711
-30072
-20620
-45147
-42894
-65230
-71251
-84183
-86326
-71169
-60345
-87890
-92970
-81965
-66233
-110408
-95797
-101626
-105543
-94527
-90190
-83554
-86522
-99987
-110808
-102518
-102830
-100842
-102906
-89618
-80273
-74865
-69659
-94771
-80614
-66457
-60570
-70789
-52652
-63285
-49572
-45837
-53785
-43714
-43894
-56797
-61395
-72926
-55529
-53700
-33508
-31226
-34001
-51173
-35341
-36442
-29957
95152
92716
105387
105025
105417
106054
105564
124981
105890
106994
100858
81819
82010
91829
111476
83931
95525
81133
82533
54708
88310
110785
135301
125936
41231
17339
31748
25329
27907
33524
25262
16630
13942
28775
5827
-4246
-4880
9983
-4852
-10485
-21457
-14562
9206
7920
3505
15379
14385
16683
42153
48064
61352
49782
48399
39340
27082
36003
42029
56065
58614
62176
55543
53725
57765
76434
77302
94712
119379
131505
112379
84656
83885
80407
106655
121386
118993
125613
118960
116794
119420
134711
146240
144233
123866
119268
132276
146944
128675
127431
121487
126275
135239
139929
121931
105163
126115
124577
-5818
-4389
-3888
3292
14777
4396
-2417
1677
32996
-10647
-28186
-51794
-58598
-67665
-54887
-73174
-70211
-75021
-56864
-56333
-47131
-41896
-31696
-30548
12536
966
-5450
-48563
-26088
-30946
-43815
-59004
-45127
-58885
-52119
-60683
-68177
-60125
-71593
-59216
-59125
-65613
-54356
-59783
-54698
-82170
-89586
-68504
42474
19377
73
-20330
-18960
-16635
-14303
-42798
-19454
-47709
-60641
-64370
-59113
-54257
-76422
-62343
-68745
-59543
-56048
-48148
-42251
-29243
-38376
-42356
32053
-1277
-1588
19473
23883
-6254
-9222
20683
-298
-20105
-15249
-23069
-20988
-2210
88
8109
27756
47022
56841
53112
68403
73343
56616
62634
33272
52919
73619
84624
88089
72219
54566
66541
75884
74346
67253
61024
50326
52624
46205
55126
74773
75950
87228
69109
67367
65403
62701
51600
-14419
-54605
-55376
-62728
-62349
-80785
-61138
-55521
-51414
-53199
-45822
-39935
-36813
-21055
-2961
-7899
4227
17515
32378
14158
3523
20417
7863
-17694
-5986
15075
15857
13744
13743
-2892
-8040
-6216
-450
-7823
-28064
-17743
-36012
-30994
-42525
-61148
-54649
-32404
-21040
-35432
-41153
-38603
-28979
-53268
33256
33347
24013
44312
50199
26071
1195
-10307
-9095
-11410
-22231
-18627
-20445
-9720
-19787
-18106
-24547
-6453
-1435
9138
-5356
-6186
4830
-3033
57514
65077
44990
38718
43846
39364
62617
78491
97302
108449
90910
88343
74351
70622
84658
96784
105705
117218
129595
151949
176364
150555
140086
127286
3571
26572
21383
40800
19348
33757
53404
39006
38416
45858
4325
18482
30356
26711
41371
44452
67554
72029
53686
56767
46721
56598
66697
69498
19789
9850
21746
24100
35715
34557
56487
78417
88142
76624
57498
43737
38267
43970
36448
31999
28951
24999
31498
34421
56351
49446
24134
26188
-42604
-49020
-44947
-47132
-34755
-13552
-14235
2990
3561
-2880
-1695
-28465
-28044
-6192
3260
8466
-3009
545
-16920
-20398
-21390
-48935
-35058
-19858
-75939
-72696
-61680
-60217
-45635
-40758
-29164
-2974
14574
34221
28529
40676
12994
28445
16914
19246
25745
24665
12414
9932
22854
20554
42484
62131
34954
45679
37151
36410
63348
38173
24428
12738
19547
4652
-2161
19769
15354
30805
24533
34854
54816
75877
86199
93878
82627
75181
97111
61018
-23646
-26944
-9719
-24145
-10354
-3839
-11024
-10854
-21704
-25404
-29751
-7821
-20118
-46207
-67461
-53705
-65956
-81720
-84774
-108634
-103616
-101334
-110401
-125338
-149319
-155735
-159681
-175725
-189486
-186685
-189167
-187086
-185732
-188312
-199311
-228494
-223366
-193461
-179203
-173997
-183703
-206651
-205869
-228301
-247102
-248362
-235354
-231779
82341
108422
103292
106988
99852
124610
131497
130907
137794
143000
134708
132918
151924
139673
137373
128091
115652
117706
125886
140617
135767
128245
119450
129269
35207
23956
17954
30080
44237
46707
43344
60741
72867
58713
64250
49029
15521
21682
18319
29044
43453
29810
41404
41224
45232
59843
64533
70357
-1895
14088
13333
27210
13136
10763
13686
16609
25954
10548
17063
26420
31267
51459
47073
40763
43686
32435
22117
26742
20056
21988
17281
2195
24308
43086
55463
82946
102593
84583
91405
65848
71735
81217
80583
96657
101010
89479
119384
142728
131226
142711
131460
150925
145204
125432
119013
110150
-127205
-119275
-107288
-93030
-110468
-128988
-126397
-161531
-159477
-149155
-137561
-135187
-117538
-136886
-141565
-123693
-136655
-159222
-155890
-151817
-157069
-161409
-145384
-160722
-35113
-37960
-33866
-44247
-28264
-47173
-65480
-82810
-68653
-62138
-71197
-79978
-80971
-72050
-71090
-65884
-75987
-73409
-79618
-81480
-82043
-104637
-95904
-91876
8002
-432
1219
7811
4333
-21437
-10180
-21281
-27625
-18912
-40847
-36510
-48949
-60013
-51049
-63557
-41627
-40947
-36703
-45335
-40317
-31225
-15934
-34203
-13718
-25689
-19706
-27188
-36344
-37350
-35887
-26068
-17227
-4060
-9864
-25053
-22800
-16991
-43949
-51992
-46519
-57770
-49732
-37355
-27284
-20109
-15785
-16628
129455
122088
102208
76902
75629
74105
93752
92572
91328
94380
91549
104327
83005
70354
73155
54784
44149
63796
68486
61093
65430
37037
47108
60418
-60194
-65554
-68602
-58347
-65014
-74822
-89479
-87644
-74636
-89651
-93396
-78987
-64830
-63281
-55718
-45899
-40693
-29968
-44863
-61268
-45596
-49120
-78513
-76244
-37814
-29273
-9626
-6267
-4587
-20690
-39020
-40055
-29050
-29261
-51974
-31782
-17373
-36464
-33944
-23198
-38241
-36604
-14674
-15547
-17085
-55573
-57966
-86043
17531
17672
41016
30339
16680
28827
16346
25828
27508
25501
24938
43823
43571
24547
37923
18151
22488
27506
29557
30849
14993
25344
25234
-1536
-91272
-107124
-100237
-115320
-116193
-109175
-115485
-127856
-119394
-117233
-104204
-126636
-124367
-118384
-103055
-110270
-96479
-95267
-107301
-118049
-122640
-140796
-140597
-138299
-11652
-17213
3709
23217
33942
38632
46562
41135
39274
42941
48176
58227
61695
51607
45586
65778
63665
74703
88515
87760
79577
75128
93676
104040
59018
58039
58821
55990
55392
27315
26681
18017
7018
-563
1498
20276
28487
18074
37721
36087
57290
79220
82824
84396
92707
116051
112133
129812
36137
42623
47227
38683
46863
31819
39095
44982
52846
58995
66702
66328
72074
86734
102545
113550
127292
103882
91762
102975
106480
120889
110141
115426
-28825
-24752
-34840
-35072
-51116
-36534
-42936
-39603
-50351
-59585
-67447
-69223
-46588
-22453
-523
-10481
6383
24477
22116
23076
46580
22671
23853
47197
-58706
-45677
-29866
-39321
-20773
-1995
-17290
2357
-8642
-23348
-23874
-33459
-42363
-24055
-50668
-47745
-47171
-45010
-57232
-55595
-71142
-70505
-76203
-79136
-57105
-44292
-24875
-17448
-17760
-757
-4846
-8532
-5437
-18557
-16763
-49345
-38449
-44822
-36879
-35479
-26668
-15074
-4242
17610
25820
23621
38484
30635
7483
22963
23874
14491
33050
38523
36619
17664
11248
17135
17134
2491
8000
16950
22716
38539
34090
7226
26391
23811
7278
18102
11980
4781
-315
8418
4350
-8118
5759
629
-743
5254
13435
3598
-9793
-3906
-19993
-5836
12258
22299
28785
53985
39491
13742
15954
14169
-1407
-3004
21338
37149
9109
27203
17071
-17752
-10483
-32915
-10531
7061
-9493
-14494
-7965
-17923
-30935
-25850
-21777
-36357
-47710
-44629
-42051
-35788
-46106
-40219
-51641
-41297
-59304
-39657
-53074
-73312
-89376
-115737
-129406
-130105
-111099
-126482
-106290
-97828
-93362
-81375
-71304
-68252
-52520
-49970
-30323
-32508
-27302
-26665
25577
15368
28397
28806
22582
7788
22902
23963
12712
21253
27811
33441
27545
20892
46074
60734
57205
53727
45362
63456
85931
85176
66404
64089
-21199
-18649
-24282
-22853
-15793
-19962
-3600
13992
3531
18394
6725
221
23565
10896
9730
-588
-11157
-7336
-26640
-48627
-72553
-59013
-41104
-38303
-57762
-76384
-81607
-91988
-77831
-95017
-95930
-98072
-81207
-109182
-121433
-99503
-95007
-102969
-98632
-112343
-135508
-158967
-133646
-148541
-137284
-127939
-131668
-136879
-105807
-108775
-125050
-129981
-114517
-125086
-135363
-141233
-116315
-110418
-99161
-98013
-126268
-149479
-174539
-204928
-201724
-207416
-208940
-221421
-233455
-214025
-202431
-207791
-135320
-175890
-161279
-151433
-162432
-159618
-156375
-172290
-155359
-134096
-154790
-167229
-155103
-174687
-168915
-156538
-141087
-156470
-170495
-167760
-185758
-174022
-163198
-179923
-66306
-69972
-72552
-67317
-79007
-68966
-79570
-85278
-67184
-73162
-65404
-57697
-65329
-50669
-59463
-67028
-76985
-89906
-73085
-83511
-99598
-102646
-105190
-118111
731
12325
-5903
-17593
-9412
212
-20178
-20387
-24681
-15630
4017
-6833
-13738
-1973
9901
11150
-352
-4311
6262
9887
-8404
-35082
-25708
-25960
127375
120894
121273
115049
120284
119278
138443
151983
144784
129609
134299
113846
106647
102219
105192
107566
129496
109724
101052
99765
76817
89998
99702
94668
57682
55778
56702
54926
76008
44384
57392
50256
38725
29700
14805
13812
24133
30396
32694
38354
23962
11843
13392
21236
23060
44990
48450
36050
110261
129039
136481
121378
135989
149745
147603
136999
104188
78243
89002
79433
79964
87671
99688
108371
115934
109493
119988
89770
81320
99414
109550
105855
37773
39848
63983
48864
37951
35327
37933
39984
39969
35405
46358
52887
55212
65533
49088
36774
48138
62396
49464
50864
57822
71613
29549
15775
-90419
-71860
-70490
-76182
-85207
-75605
-93603
-84230
-94950
-112497
-100989
-82104
-117238
-120883
-137328
-156631
-170096
-195905
-186675
-208426
-203157
-216010
-212945
-240341
28708
23578
32671
29222
25705
11607
15931
8981
10868
28896
27120
46767
64861
58122
55154
68715
74188
85696
89538
84299
75240
42363
44414
38436
102178
103254
103785
115760
117160
127231
141108
117126
106700
108255
127902
139877
138883
111739
114993
108769
112264
130358
110952
91180
77469
79041
98688
98376
113108
121841
138844
147765
143167
117547
127424
127767
147275
150198
150578
153659
126263
115350
110520
132450
152097
159244
144161
141301
137938
150837
153800
154437
-44410
-32284
-24104
-3043
4550
10437
13238
-1154
-18110
1307
2267
20361
31955
1206
7547
-954
21178
22046
15988
33580
27643
18058
13087
8149
-38682
-45069
-30409
-15576
-19745
-8455
-5251
-12753
-12073
-27981
-17834
-5776
8101
268
-1618
7303
5290
24089
11487
21089
32683
37149
42766
46098
34357
37961
52903
64497
66046
69153
78972
88438
82287
52030
71447
80368
80711
84927
81816
79380
75148
95979
96616
85020
86671
89233
106378
107627
-48359
-64261
-68717
-61879
-55992
-49314
-55716
-38068
-22245
-30330
-25985
-5686
-1349
-870
278
-30328
-23972
-6575
-24394
-24489
-19382
-5225
5880
-1256
-30106
-45367
-34110
-41029
-35749
-22360
-21212
-25770
-27999
-23394
-13608
-40220
-28963
-51128
-45720
-43005
-29465
-26651
-9123
-8592
-2106
18738
12616
157
-12979
2832
-9419
-21138
-35824
-61062
-62852
-46605
-36254
-24505
-13610
-2463
-13713
-7077
-16646
3001
-2943
-30415
-38168
-31281
-34824
-25371
-43190
-28141
-90231
-86124
-95960
-108892
-117686
-114437
-94790
-93642
-83039
-99394
-102018
-82350
-91864
-95559
-107873
-106324
-127298
-136624
-116977
-126562
-112685
-117032
-106307
-94181
12384
22260
8106
-2024
17623
17814
17582
42249
35445
313
5519
-7413
3714
8051
27698
26597
15776
28153
40679
28171
18580
12968
29582
45153
-69532
-77285
-100638
-113718
-113627
-102119
-118421
-108968
-126004
-122701
-134483
-122889
-123350
-146463
-116558
-125073
-124393
-135090
-133072
-143922
-145707
-137807
-126695
-115438
1358
-10893
-25644
-21680
-14240
-3416
3995
-17489
-23547
-13945
-11367
247
-7104
4770
14589
-5801
-19562
-20584
-33704
-29460
-11366
-35522
-37277
-35190
-110789
-116259
-109903
-91125
-86772
-90920
-77912
-89694
-103495
-87512
-86875
-67367
-70421
-89512
-101763
-94745
-92664
-108797
-106465
-110851
-117002
-117786
-115813
-111460
-64211
-60104
-47096
-46437
-24083
-29975
-60661
-45168
-42116
-22469
-52904
-41505
-31154
-29073
-36195
-36950
-47787
-85485
-98463
-110167
-102740
-100191
-102627
-119943
122562
123744
137677
139728
120934
142864
137555
136712
138763
119179
139371
146518
131207
127175
129042
130291
123593
110523
133158
151957
167538
143332
110706
105483
85267
87549
82338
99986
113526
100061
104786
99094
104179
110535
116302
113799
103970
91552
76615
69850
72680
67972
82947
83266
57415
46880
54659
51422
-137484
-144836
-141232
-178678
-168343
-183697
-159030
-165914
-164766
-148182
-154598
-152544
-158768
-137707
-115777
-123530
-111153
-118526
-126005
-103651
-110040
-129911
-128274
-130589
97050
118980
114811
125132
111999
95274
102040
109220
82178
78449
85069
87087
87072
99449
111575
110553
111075
117574
115526
129403
106476
92702
95783
106105
31132
24608
35503
46076
53753
62214
64893
45839
67769
67171
76825
60420
55197
51109
44885
63663
73388
68906
56304
58866
55811
72045
68846
51119
99935
114092
116143
115402
120092
116238
124779
140070
162000
169427
176314
185658
178522
172652
199590
198806
204877
199747
219939
215750
221408
209877
198799
213459
-49342
-34760
-16666
2016
3265
9152
14918
13912
35288
47162
61822
41152
39908
29807
45388
60588
59553
77145
89522
72566
88377
93583
96506
93458
18493
15646
20004
31261
20011
6618
22429
17664
28669
41046
52942
29593
-3033
11124
9238
-22569
-34139
-48101
-52699
-66602
-67194
-57067
-36006
-40195
-17003
4927
8150
18875
24762
20925
23207
30165
30851
22989
20616
8365
22121
14619
-3739
-13948
-1801
-8685
-11121
-8839
-26850
-20573
1357
15148
52676
39876
38841
15127
11210
35541
23620
25271
744
20391
16554
14692
15291
-1567
2037
18399
30273
26795
28624
48041
48909
43978
30497
31599
-35764
-32964
-21686
-33188
-19311
-14391
-18343
-28193
-60092
-65562
-78494
-56564
-55372
-50584
-52470
-39303
-53729
-58449
-54737
-48653
-45294
-27157
-16836
-12146
43423
48332
55787
43536
53411
60723
62186
85530
73748
75799
52450
47640
59766
72413
94179
91319
75949
81836
69539
68905
49602
48847
53932
36385
109470
132191
114644
112329
112034
114408
114025
102494
88000
76749
88623
63786
41851
62043
47148
24022
9739
23896
40510
51767
33247
30199
25479
5707
60667
63590
53824
55116
66710
76312
52683
56756
67761
78004
90926
96132
91785
102801
108688
112675
113823
87503
95697
95637
105708
98859
114812
134320
-66447
-78567
-67499
-55122
-63487
-52230
-61556
-44288
-30411
-56901
-61609
-60277
-40630
-46338
-59954
-64719
-74046
-71965
-56234
-60674
-55284
-62377
-58003
-74801
-57993
-70092
-59367
-57286
-62217
-44123
-36696
-64951
-43575
-45479
-22135
-20765
-35259
-40382
-42962
-54464
-36370
-23993
-24863
-49578
-50570
-62604
-53138
-56106
-125200
-126015
-131563
-170771
-183911
-168948
-227123
-223302
-202220
-233839
-211364
-242651
-249241
-269013
-263807
-260475
-260054
-249049
-263986
-262573
-268975
-268015
-273713
-272313
-31776
-20563
-14796
-4596
1760
-12666
221
22605
20025
43278
37408
42493
28544
33234
41545
34640
18738
12234
24108
32670
29839
32177
38706
24552
-56001
-47963
-42076
-53075
-44785
-43236
-20235
-22283
-21034
-12421
-29377
-51290
-37045
-13701
-32753
-63359
-53483
-58573
-76008
-84013
-68202
-68781
-73719
-63756
-62863
-68303
-58958
-51682
-64141
-74201
-68995
-70002
-66290
-68066
-71732
-60368
-70749
-62979
-61328
-49202
-45891
-39908
-60882
-47732
-60635
-74932
-64036
-47802
19446
23073
34026
23807
39300
48908
42024
22338
29930
30619
15358
-4414
6159
-2635
9742
-14104
7826
-7349
9796
4088
2291
7764
12620
11585
65882
72474
63019
75145
75996
63557
67022
68571
57364
64676
52894
67303
53421
59418
50502
74006
79262
68535
52448
61900
81547
85318
81381
98376
21281
37013
44074
58332
50913
55931
42186
34732
21800
20296
20639
1867
4651
-5544
-6048
-27532
-39251
-31159
-23216
-16538
-30746
-35575
-47357
-24722
58206
50007
39259
39744
26687
12001
10728
12128
20220
16193
31484
45275
61007
66046
75865
87774
99648
84242
72609
67902
60486
19504
9387
7331
24324
20372
10640
-359
-2862
-9984
-15011
-2124
-13008
-20825
2441
-2689
-16170
-31214
-18837
-5549
-12965
-1091
-12593
6837
30341
45541
26450
32337
-4121
6523
-11296
-18527
-9183
-28206
-42694
-33212
-39177
-44027
-46889
-65677
-59442
-70441
-52425
-61694
-47537
-63624
-44846
-37054
-39490
-43442
-30413
-41161
-37742
-35301
-28923
-41534
-43598
-69959
-77808
-82257
-113475
-112904
-95679
-87641
-105932
-95568
-91395
-72847
-67641
-81402
-79470
-85872
-103840
-101542
-87751
-80720
29712
45192
25357
11463
19221
12997
12242
23750
27053
14248
7807
19401
-12767
-17216
-23849
-24195
321
13013
-452
-11410
12725
29950
39991
44681
35746
20342
-7203
15432
29971
38560
34145
40660
39373
37555
40607
33703
14798
-7755
786
24130
31837
36316
8491
1586
8178
2056
-4534
-1412
-16278
-27277
-8608
-3402
-15841
-4247
-2596
21202
8763
-16829
-3541
-9485
12990
1208
-12273
-20090
-27321
-17280
-33182
-33272
-26377
-39497
-57036
-58711
-176011
-188361
-176487
-159262
-163179
-174818
-181954
-192702
-199075
-183710
-173891
-172062
-160166
-195981
-199710
-198391
-193535
-208125
-213833
-204891
-223411
-202459
-193918
-200802
15901
13894
18584
10722
8593
19957
19619
20911
24623
39737
42660
50223
58296
41218
30219
17968
26843
46490
28951
36098
36577
38257
40418
40588
-40139
-20722
-30917
-25660
-36401
-14017
-1870
-7093
-14473
-17584
-6579
-21
11728
14982
36912
26531
33167
43770
33029
35952
45771
67701
52806
65477
-63892
-36954
-48644
-62246
-64253
-71158
-67118
-45915
-64034
-60213
-64662
-45015
-44416
-85370
-68224
-84992
-69181
-61490
-67863
-58800
-53034
-44939
-44302
-66289
-34166
-40287
-26747
-15960
-4215
-2164
-1484
10642
25181
16535
10747
13121
2122
-3586
-17617
-16440
-13197
-1540
9465
-9734
-6239
-9796
-2909
-30734
52770
68593
66586
51411
8878
14818
4248
15072
4222
11564
24873
31022
50669
39648
57742
37289
56067
61085
79179
80047
77423
55672
49231
34380
20915
31810
46470
58064
44319
33744
43747
53342
51959
48481
33838
53485
52701
72893
72314
66873
62846
52276
73198
78433
84416
74902
65933
85580
19797
30802
18002
19150
4255
-595
11643
-16182
7322
186
-2187
-18571
-29821
-15161
-17346
-33837
-26496
-27409
-5479
5246
436
4537
25598
29093
13678
14969
26563
40864
45698
50056
52217
57235
69361
68410
70571
76848
97930
90511
92592
85098
71202
76241
76432
67787
63461
85391
88314
102191
119584
133776
145348
138866
133736
135817
124247
112894
115159
89559
111489
121409
107447
110410
124201
122194
103142
97021
82923
82211
59263
55577
41402
57213
-24124
1945
-5858
-5004
-12262
-10611
9057
12661
13763
15592
1814
-3990
-25060
-27794
-44519
-48415
-32341
-35704
-23830
-20587
-24316
-13672
5975
16102
-28435
-16058
-23232
-12911
8150
9699
23856
33897
50791
58734
52425
59726
74775
51398
56604
74196
23712
24937
9173
-3335
-20737
-31695
-20051
-9046
-84842
-83018
-75260
-71504
-57324
-39187
-48953
-52682
-30449
-15586
-17771
-6263
4633
-18975
-23947
-23806
-33469
-34864
-27056
-16310
-10544
-20309
-22064
-24176
-20462
-6671
-18235
-23262
-23227
-26403
-15039
-27073
-29509
-12895
-10333
-17368
-23370
-17604
-10303
-38854
-50974
-53274
-63923
-60298
-71816
-106950
-118984
-114814
-12264
-9341
-14557
-13008
-11860
266
5284
10490
24748
20470
22121
25044
-9648
-7824
-18823
-25225
-40631
-26840
-34290
-45111
-42712
-20782
-15079
-1912
-91753
-72430
-72934
-83159
-94690
-107394
-114385
-99301
-117414
-107595
-94924
-136587
-122537
-111964
-136788
-122997
-146562
-119624
-109805
-107507
-101151
-111532
-109091
-120530
-48313
-51424
-46547
-46016
-35628
-29970
-36595
-47759
-49544
-39503
-49072
-49664
-49034
-73061
-97201
-79107
-66981
-52723
-42989
-47932
-35806
-25455
-39124
-74536
-113639
-101500
-80439
-74822
-60413
-60775
-66897
-53106
-52683
-78303
-62852
-69779
-73257
-52196
-38656
-64745
-45098
-48152
-32007
-10946
-27513
-7321
-29588
-27494
9326
20920
29870
29618
40485
21862
3090
15467
8051
9451
22378
2972
24902
21345
6170
5680
28155
21522
23597
38473
24484
4293
-6958
3393
-70523
-84515
-94962
-80020
-77767
-68165
-91773
-94146
-75585
-105911
-113142
-108035
-119286
-107390
-112601
-109106
-107282
-91299
-107350
-114168
-99437
-89482
-83104
-67281
-75843
-82878
-80077
-77451
-94364
-67426
-68592
-58349
-75828
-57956
-73323
-88690
-87730
-93851
-108323
-94446
-91632
-103414
-86549
-74491
-60930
-58007
-58305
-44148
49629
47444
66329
62812
57841
70260
77470
95564
102459
122106
135135
134206
133550
137794
139207
134913
158257
155633
145477
173081
175162
165030
177177
191837
-91793
-69863
-71919
-82877
-107404
-95810
-85683
-84032
-73537
-77015
-56595
-75721
-78597
-99919
-84108
-72600
-67394
-78896
-82352
-84759
-67167
-60962
-49729
-58540
-56578
-58642
-50712
-63342
-41715
-47585
-50230
-71981
-56400
-34470
-40414
-34941
-42552
-20622
-16285
-6138
-14223
-29561
-32609
-1835
14441
19807
24165
43833
23647
19070
35144
23894
38554
34507
29417
27274
16275
9576
19617
18234
6732
-12394
-16231
-21950
-19618
-8794
-10469
-3703
-27378
-17027
9911
6245
51275
38904
21316
15350
25701
31978
27809
25121
24099
41324
52329
20710
23540
10608
22344
14008
13416
13220
-8693
-8192
7619
30620
18249
40179
-60204
-76248
-90151
-83916
-80170
-79302
-80685
-88970
-82334
-80697
-93497
-83678
-92044
-72879
-70144
-73004
-69400
-90667
-71868
-57005
-48811
-45207
-64116
-62293
-61010
-60330
-42236
-49358
-33878
-35676
-41625
-14687
-20086
-14613
3481
19292
32602
39131
15104
17503
25935
34668
38272
24202
20013
-10472
-4783
-11307
-60414
-42320
-24390
-30894
-10063
-35152
-23278
-33345
-63162
-79607
-77553
-80664
-70343
-94447
-99045
-93019
-104120
-116371
-132496
-132807
-135051
-133222
-135754
-129987
-2007
13444
5710
12330
31977
34071
18201
7833
22242
31975
32145
25743
37617
37744
51780
65320
63033
61818
60314
71319
90966
69047
74813
69237
-2545
-12928
-12478
-5177
-23519
-40454
-60261
-70607
-73806
-62694
-73795
-80214
-95109
-89903
-76895
-103256
-117402
-113914
-114757
-108416
-122821
-104949
-115267
-121067
-1257
-11303
-40492
-33191
-44709
-39962
-62509
-65592
-64043
-48060
-54501
-40170
-45158
-59652
-69970
-87286
-100767
-113933
-99776
-116812
-102935
-106018
-125604
-121761
64020
74915
51736
49960
30908
19657
16797
17470
23747
3758
-8493
-5146
-35283
-33202
-35502
-24607
-4939
-16470
-6429
7132
11469
23343
-1568
-12921
-102170
-117745
-119752
-130589
-140907
-130263
-132951
-112738
-120184
-121442
-111903
-127092
-119054
-107318
-121532
-111657
-91826
-96133
-77996
-80978
-68852
-60139
-58085
-70307
-90194
-99960
-91879
-96048
-97934
-83266
-89682
-70904
-68354
-76107
-91402
-95339
-110228
-112177
-143303
-157449
-134974
-123330
-116564
-108340
-98858
-97666
-84608
-83208
-67681
-42763
-30867
-25661
-36912
-18113
-16965
-28029
-45784
-37423
-19875
-36028
-32316
-37343
-39336
-48599
-55040
-73771
-68773
-66475
-89028
-85906
-100400
-119704
-5541
-25233
-13217
-25977
-42748
-26937
-11486
-35115
-70556
-72992
-61243
-60742
-47202
-63289
-60208
-49203
-31978
-25279
-4218
15429
13402
35332
57807
56138
39602
30045
27652
30358
49136
54902
59312
55669
39582
25590
10695
9185
-7289
-14531
-15444
-10978
-13666
370
-11881
8819
-5395
-31204
-43455
-33853
13841
41324
25986
38112
22643
11141
10830
3631
4268
-5897
-9626
-5289
-13845
-18192
-11957
1051
12666
17872
19272
23682
21970
13066
26606
26260
-48661
-68863
-61271
-44126
-55628
-38403
-50717
-71589
-87531
-99101
-103550
-106117
-85056
-58975
-80808
-76832
-74031
-70950
-47303
-54116
-57594
-56812
-58496
-58153
-22298
-22422
-32992
-28639
-31838
-35273
-33860
-33581
-43138
-45304
-34579
-22453
-20624
-37259
-62135
-62969
-83207
-68345
-60055
-55037
-77713
-90027
-104432
-105345
-43575
-71652
-96740
-101870
-113652
-123201
-120760
-114082
-126630
-123851
-163059
-136445
-143716
-155938
-159667
-165389
-157754
-157755
-172339
-187090
-174964
-175794
-160931
-150567
-34852
-61133
-80222
-86343
-85131
-101515
-93455
-108128
-114827
-112746
-130062
-123253
-98335
-109083
-114775
-96681
-110670
-109479
-128531
-132448
-138570
-119405
-116324
-116045
72450
87392
73482
68683
66886
69151
42661
52861
38122
50814
33676
26540
15439
18362
16728
35506
18873
37672
38921
27963
15362
13298
14949
25551
-80890
-67968
-54801
-47684
-49130
-46552
-61527
-57174
-66408
-65735
-47719
-53663
-54923
-74014
-74791
-92630
-88306
-94708
-97791
-85665
-100751
-111499
-118238
-106644
-6699
-18950
-20740
-36865
-34533
-52372
-50801
-52160
-41133
-21625
-19478
-8331
-49994
-30284
-10637
-22247
-10739
-17861
3384
17457
-886
8653
13738
-2349
-77070
-68149
-63403
-69805
-65732
-65201
-59112
-55647
-43521
-43732
-39583
-33817
-11887
-389
-11210
-32693
-36359
-45635
-32173
-27483
-20344
-44752
-39734
-58357
88958
104158
118459
118458
96294
109181
127729
149659
151720
165597
137234
129712
148260
156312
153128
149232
163282
166464
187525
188895
194101
189021
198941
191439
60526
45231
21666
-3049
8063
3132
13173
14722
17845
1943
20828
22198
27564
14860
1149
-3409
6662
28592
28130
25964
31730
55234
44413
54454
-103125
-112388
-112154
-100280
-74211
-74400
-51298
-60616
-72186
-79665
-90269
-88251
-77635
-87485
-120831
-102959
-98062
-107977
-102153
-82867
-77101
-71335
-75933
-93437
12784
20964
19460
12218
-7554
-9841
8031
12247
-5027
-3778
6544
12310
5188
-5913
694
10851
13371
11307
25967
28437
34324
46354
63541
57420
-119930
-112791
-110962
-126137
-114629
-128711
-132779
-143411
-138807
-138528
-124737
-126623
-156427
-142096
-137805
-148626
-146917
-142507
-144268
-162236
-168919
-163273
-182685
-190078
167955
170885
182393
184942
182549
190601
217539
192702
194102
207893
206607
223602
223881
215648
204921
210127
229774
237812
229196
214301
215982
223443
223722
235848
27562
42676
5258
-13753
8177
19541
37635
49143
46828
47020
36782
22198
2363
8303
822
-1465
-11674
-29149
-26629
-23548
-17651
-29587
-15551
-21380
44930
73282
86570
65332
47499
35248
36038
50339
53404
43447
37977
22571
10537
26348
19946
16783
29847
31807
49204
34263
32990
37084
40086
51822
-101
18677
35823
24722
51660
57320
43146
40961
44545
49442
47069
65163
64293
83940
85792
82945
70694
60593
69687
56567
49683
64911
44709
37573
-41733
-48136
-33835
-23011
-12438
-20803
-36170
-18298
-6424
-20185
-8059
-14475
-17351
-1871
-1089
9233
8390
-19435
-23965
-32629
-17687
-20534
-38864
-62830
5168
15739
35386
40076
48270
30220
44629
38788
54239
67527
56426
52697
51063
62657
55516
71499
83394
80346
61825
56133
57500
50595
61197
60031
-4512
-8198
-38335
-36066
-30658
-19150
-26566
-31164
-31948
-27590
-29302
-40323
-51064
-39470
-42317
-26243
-4313
-9351
-36352
-26281
-31893
-26854
-33845
-28639
-34147
-32999
-52038
-44800
-50600
-65938
-66441
-52901
-41307
-39456
-36252
-16835
-12511
-5745
19173
25156
17869
-7888
-10054
-13417
-9813
4847
-2253
-6063
29854
31935
38701
54272
43889
46221
61270
80048
77935
65496
57130
70921
85863
96588
79523
66532
74822
55948
56486
63827
68164
76094
80950
65506
-56831
-51813
-73564
-79508
-88210
-89203
-107070
-104240
-97123
-89193
-99030
-96229
-72725
-88359
-83090
-87179
-90740
-118817
-127762
-115573
-98348
-110382
-88452
-95336
18730
16781
17352
25642
35244
32570
43575
36010
32114
20246
34906
42685
39717
41146
48034
67542
61620
67724
90977
84387
67698
69749
74955
79078
-32284
-23743
-17856
-14523
-29374
-29736
-9402
4138
5831
18229
32106
47397
40698
47305
52965
55888
68077
57078
65619
37095
52295
32523
38758
26107
75822
69938
61838
47663
54221
58558
73218
68498
57757
38705
12896
13750
33258
40851
41849
29641
24791
23295
31390
53320
71414
71456
73507
74907
-35110
-38388
-50175
-32081
-20824
-8426
-9843
-12891
-34123
-35690
-17596
-11097
-2622
-3070
-7762
-21707
-2060
11228
12582
28405
12361
15965
33111
53303
-48733
-55043
-83298
-90420
-97556
-94182
-100807
-86268
-78871
-73853
-60313
-56567
-81094
-79992
-99764
-105016
-103444
-92406
-81380
-75493
-75084
-86717
-81632
-84748
96029
104319
97729
97497
85715
100375
99101
87002
84357
89563
77334
59767
45110
66093
62615
68102
83431
84801
100784
120201
124446
146376
162108
178133
-75032
-83985
-93513
-79636
-79105
-66728
-48634
-25532
-27395
-30551
-43483
-41746
-40333
-37410
-62247
-66782
-59481
-54442
-75680
-75978
-92065
-85458
-76516
-99873
46450
28079
15318
19053
29907
30287
40207
25993
34031
47908
41757
38646
50240
59842
55495
50667
17321
13958
11585
4701
7624
9705
2073
11675
0
17225
-793
-5731
9469
18671
1751
18335
21830
14925
3394
19628
19518
18763
15652
-793
2832
13837
8396
16937
30693
48787
70717
63624
50692
46665
59975
77847
86444
89022
92864
110261
134396
131708
133640
140139
123734
96964
110131
82837
76141
80478
71684
83810
92731
100489
96464
98746
100797
119214
97199
87714
70239
66539
69340
62435
73259
68661
71475
81430
93024
114388
0
5487
16440
10491
-2671
-18289
-37257
-56383
-74381
-89787
-87591
-74441
-91166
-87562
-71981
-65374
-52727
-38570
-43019
-44114
-42565
-40620
-52871
-69827
-89239
-73428
-61943
-55960
-51744
-33196
-26961
-41618
-54738
-36829
-22498
-568
4826
888
5995
25642
32943
27468
29766
26798
30041
22459
35747
43706
29905
42214
30561
15474
37187
33270
45006
58719
61297
38944
58591
44241
48898
35417
23166
12408
906
4510
0
13288
23208
21574
25911
-1561
-19400
-29969
-21789
-6460
378
-535
-18354
-2280
5117
13658
15676
6974
-5958
-1462
-10696
7398
23423
45353
44761
20723
19557
26515
6313
4013
-9400
-21039
-18757
890
2182
8948
-14000
-34087
-46338
-72619
-62298
-46818
-38566
-39747
-33383
-22236
-8359
2753
1495
-24628
-7481
-9488
538
-21421
-6810
20128
17692
18795
11911
25788
19829
26449
0
-1755
-3395
-4626
-3027
-5858
-10578
-24928
-32919
-51439
-28095
-25014
-38134
-50448
-29869
-32917
-44636
-45262
-38878
-29059
-31495
-22013
-24386
-34641
-18279
-2134
4927
24595
20421
27057
27911
32672
37017
52749
54298
66675
44688
21761
44145
37446
29141
40785
28534
51151
70798
68231
85125
90771
100842
97284
85084
89048
63456
52306
47375
47013
39164
23077
11507
20190
21439
0
3604
4241
2234
-3650
18280
-17535
-22975
-5830
-3779
-20613
-49898
-56271
-48679
-54800
-42423
-35122
-46373
-51720
-54831
-73611
-81580
-84634
-101418
-124515
-126681
-115424
-139951
-148236
-165523
-154159
-179423
-174514
-185083
-178597
-170225
-188324
-187112
-185419
-157815
-168636
-153688
-144086
-141364
-167105
-162358
-152383
-159776
-151738
-133866
-141993
-139661
-157889
-142438
-123432
-115839
-100977
-103824
-102173
-91852
0
21124
43054
60926
53727
56970
68564
52209
55966
47171
44157
62173
41720
32968
47830
59229
36609
24827
21951
33860
25188
20732
30386
29796
5223
7231
6225
17230
11618
14740
32834
48657
47384
28258
35347
43277
49086
62374
71324
72882
74870
78454
78222
79635
91509
81232
87215
81774
80391
89124
63087
82876
84705
111037
121078
89899
89587
74901
65624
49521
0
20192
19830
-1402
-20710
-21422
-12501
-5614
15447
11802
2475
20569
17989
9407
-16213
-26788
-32258
-33101
-44288
-39270
-45941
-47185
-23841
-28010
-14470
-32009
-53161
-45986
-62089
-77427
-61293
-62566
-69808
-55399
-57966
-76740
-63027
-79114
-69770
-70360
-67604
-79221
-93546
-83952
-94773
-83381
-77908
-72673
-74449
-86419
-74545
-63842
-91834
-97704
-100551
-105526
-119494
-103511
-118943
-119684
-127249
-126064
0
-7774
-20706
-29473
-40221
-26344
-30073
-19538
-7664
-12794
-3437
1168
-30050
-15511
-14809
-28051
-6990
-19455
-20728
-11853
3476
2563
23645
39719
62073
54068
43231
56044
77105
85567
89904
60150
62906
67762
71869
60768
63950
77827
94325
76341
83998
65891
51328
20961
30191
32517
15582
13015
11008
32069
25653
27985
14605
18942
20090
15641
-6443
-5043
-10232
7677
2957
-11197
-17009
0
12126
26786
38551
44438
46812
58045
64386
78543
61725
44186
43151
55126
60124
74174
55048
67425
67846
56847
42012
45769
29682
18072
12883
922
13048
6776
29251
37713
40636
47314
35796
24775
5254
-6316
17028
30316
29753
44981
42064
37694
44904
16398
-34767
-15099
-1222
-6249
-33931
-23156
-34071
-37549
-22142
-16145
-19874
-46665
-34920
-33966
-23752
-17985
-33348
-32847
-29544
-38619
0
-18107
-37130
-29602
-14769
-20790
-30496
-46072
-26425
-26045
-4115
6458
16658
14651
13113
16367
8003
19260
32800
36240
25872
15051
37686
54911
47712
35714
46719
53060
27468
30519
33254
48705
57580
47355
50034
47447
54772
56985
71058
58067
34162
57264
52321
59279
56362
34375
46752
36916
50204
47889
74079
64874
82271
66369
55485
49450
35689
35968
44638
70828
81975
88862
104593
0
-31116
-48793
-54914
-71536
-85528
-88388
-81956
-94504
-90288
-77000
-66176
-65028
-40110
-49667
-69188
-60125
-67310
-73312
-63112
-59679
-71181
-57304
-64489
-60885
-74005
-93654
-74007
-88685
-87112
-93996
-113156
-97173
-84796
-97264
-85756
-78238
-97329
-86497
-100895
-83023
-71510
-78646
-77454
-84948
-82004
-62357
-59013
-43549
-45233
-58944
-70045
-65572
-74835
-70498
-73078
-76189
-50108
-38774
-75951
-65910
-85682
-77644
-74801
-82059
0
9202
12031
3666
-10326
-13850
-12295
7352
21567
32824
46615
46023
67508
75529
93825
99929
104905
102590
82783
76834
88708
103319
84267
61594
62994
35993
38956
46139
42661
56740
78670
61367
69908
77350
92578
98238
106462
119470
139117
162461
152947
146544
128856
148273
174463
181273
179225
160134
174493
186108
200768
190651
188603
178837
185825
181678
190411
202005
216665
199186
200146
201500
0
-2933
-5220
-1616
9208
-2477
5158
5343
-4724
-4834
-1502
-13072
-5897
-30973
-18532
-25523
-25244
-21180
-49686
-83233
-78896
-63488
-82205
-97543
-114961
-128081
-118118
-140534
-136930
-121565
-105742
-115227
-108340
-104124
-116421
-101588
-104419
-122387
-146795
-140029
-129641
-127388
-138639
-134348
-136547
-154890
-159740
-164906
-154333
-171930
-171744
-178880
-169278
-168747
-166415
-155669
-144025
-121893
-107736
-128390
0
3821
24013
16891
17659
24174
15646
16428
9306
24139
13181
13460
21419
7069
33259
4136
23783
13588
25965
19655
6082
-8624
12437
-3880
3078
-8453
-28906
-8714
5365
19035
27846
35710
32405
40497
28246
37167
3774
-6795
15135
25860
30464
31446
52277
76412
69312
60452
49963
37482
32551
26681
29013
25930
24908
26989
6787
22869
38680
25702
39579
58464
63361
75738
0
6620
15333
10402
14394
16131
24421
22373
26697
45475
33944
40831
29994
40316
38778
39458
9132
-2399
11478
16433
27941
20805
41866
54243
47827
61618
55897
56398
66217
43772
47326
38796
16924
28861
24687
29893
28649
14767
2516
-4798
9079
-17028
-19761
-29590
-30877
-41412
-28103
-8020
-18978
-7493
-6281
-5096
564
4168
-21641
-11135
-38279
-38741
-20647
-20879
-14113
-8410
-17749
0
-15338
-3092
12108
-10159
-18164
-6656
-6118
16984
6789
10862
-4756
-14606
-14065
-24138
-30554
-38162
-32338
-41852
-41682
-42848
-23297
-50441
-62738
-66927
-98856
-110374
-115065
-94004
-116672
-110316
-116484
-116945
-106990
-102653
-85759
-74274
-65353
-70341
-67009
-64545
-50668
-54146
-60090
-71197
-83636
-63989
-45895
-35574
-24849
-10440
-8479
-6518
9293
15792
27386
16549
13673
18758
39057
24414
13415
25009
38549
31916
0
2830
-6833
-7337
-13927
8003
8871
10083
2637
22426
37086
31114
20482
32880
54732
60619
42583
36861
55140
67918
84783
90256
99349
95871
105473
116865
103058
114205
113390
101522
98159
99529
96481
84979
87527
107174
128887
123367
118395
109247
102845
100264
95088
111071
105523
115874
131948
144956
140930
159478
161529
155378
149787
143785
130665
137151
147250
158649
167010
157202
172358
147963
0
-1891
-4004
-2138
-847
-16253
-22389
-28230
-11005
-24355
-64244
-83016
-64879
-71360
-90664
-90679
-77391
-102731
-86497
-98748
-96243
-100590
-107266
-108050
-99741
-76397
-74043
-79987
-76166
-78332
-85646
-60979
-75371
-85689
-116632
-131269
-126063
-111818
-180707
-184373
-198587
-215543
-210458
-219291
-215980
-198108
-198426
-203118
-191001
-184480
-195982
-206334
-208649
-190555
-201188
-203833
-219345
-215720
-203825
-196708
-177930
-171947
0
2054
269
13800
21558
31599
18867
16494
-15806
556
6934
-6811
-12711
-21728
-20077
-8061
-6913
-5078
-16293
-20210
-22497
-34962
-16184
7865
23848
17727
26957
32465
22880
33655
29186
20140
21510
33485
43024
29263
47357
42866
49266
33179
39003
19231
9292
929
6753
-21324
-14185
-42411
-49504
-82080
-81939
-71898
-74011
-73732
-64130
-53557
-91513
-114656
-111282
-123064
-144038
-146771
-135263
0
14611
33496
37100
48715
43606
48296
54423
60584
56290
75707
61077
84179
68884
49472
54490
51442
33359
44062
30419
37039
54155
64620
45932
49908
72002
72784
68888
59855
19907
9840
-13339
-10114
-25289
-33389
-49733
-67730
-59507
-58137
-45977
-51949
-74365
-78895
-99097
-118806
-115330
-101173
-90852
-105438
-106330
-124047
-125844
-116025
-103648
-101099
-99528
-94510
-81666
-74239
0
-6224
5650
-14122
538
-17569
361
-9345
-11752
-20615
-5034
9626
21752
2695
16451
9861
21879
36539
55317
59418
60788
78882
99943
90710
110902
96460
106062
124156
126250
137507
133051
134199
132337
110070
97631
95489
71283
63969
44277
60008
53089
51025
47296
64161
64302
63071
54570
68326
50976
53939
60719
63490
57369
61247
54005
67545
64497
51565
52713
63286
63292
66027
64644
61166
62314
54749
0
-4535
17395
27099
18585
19367
28488
37438
20803
44147
37242
40172
50147
48392
32348
34680
40189
35339
18009
2497
-2613
3622
956
3757
789
17151
22624
11106
14561
31786
21656
29046
32478
27194
46611
44426
38482
41405
13677
25573
26943
7988
17590
-5078
1437
-12777
-23598
-35208
-33047
-38407
-35902
-20438
-26919
-33803
-24328
-10070
-18061
-24965
-9234
-26332
0
14157
17489
4699
11099
2734
15111
14182
25415
45083
32769
37975
60976
76557
103495
105777
127909
137283
140979
137421
134561
137484
123122
118775
112551
123915
99775
88862
100119
112135
94045
92535
92223
96078
99510
109581
99844
89023
96893
95031
60310
63914
46584
49133
51214
49580
51409
48533
41972
19511
31289
27560
38133
30568
48160
43454
32633
27941
45338
55485
53049
58067
0
-12034
1843
1000
11356
7839
14145
-2540
-6887
-24727
-20981
-23045
-18027
-28775
-38878
-63371
-55081
-53576
-62873
-84248
-81325
-65300
-60610
-55404
-58049
-49174
-67796
-78617
-83747
-80824
-82199
-72128
-56145
-45039
-13720
-37328
-29549
-22654
-33755
-17944
-6928
-13879
-21358
-40879
-57928
-61703
-57459
-70953
-80761
-98946
-89744
-76686
-68505
-63608
-47785
-80183
-89818
-73541
-72171
-58178
-49968
0
3002
8475
16296
21193
-462
24175
15150
18073
18072
5821
-6128
-10024
-6692
-16969
-16153
-18720
-3606
-5396
-18733
-7717
-6317
4004
19053
34504
21572
34547
38884
32053
13252
-8740
5016
8871
28518
38481
54254
59871
60415
41111
13286
582
12959
26715
45635
31209
20075
3836
1670
-12484
8577
4429
10987
-8316
13614
19970
4395
-5922
8738
7732
19606
-2145
0
16463
6362
-1246
5432
6981
-19380
-33348
-17537
-29068
-6433
13214
19729
-3879
-828
26110
33868
49679
61553
46571
39687
36792
39124
61357
86906
74106
81407
92231
107812
119427
106307
108857
110550
90183
85373
105020
109093
115076
111159
118752
93893
93020
90956
53162
25740
22864
25706
30396
24567
-2224
3663
-4867
-4230
976
3123
-20042
-23520
-13918
-22270
-50776
-47853
-68306
-52495
-36924
0
2282
-5666
-6450
-12129
8702
-1638
3281
-2310
3577
21593
28108
50341
69988
69994
50187
39366
21526
9836
-4807
1297
922
22852
30530
23345
27669
47861
46337
38921
2676
6022
34495
34306
18219
11642
8976
4698
24997
3513
-3011
-2374
1613
2481
-11366
-21310
-6019
-26106
-27065
-12405
-6021
10341
24498
24266
21118
18952
15000
34668
13516
17853
19253
10098
15116
36177
47434
44998
0
-2580
6295
18672
22513
25248
28090
35359
53453
60073
65839
72223
71322
51235
23408
11179
-2108
20125
6012
9064
32610
13519
33711
38048
53871
38504
21418
19276
-6308
2405
13151
35647
46011
38697
9939
34857
60178
40406
23090
25652
22289
25663
28785
33991
45865
34866
20223
22597
16073
9122
12726
2989
10136
5721
12249
32080
28969
2199
-2773
-13772
724
1578
13452
0
-7502
6655
13011
14260
15723
3941
-3478
-492
13558
-10480
-25315
-19404
-41276
-47220
-33659
-31110
-9180
6111
10801
26612
32421
42830
48741
36427
40053
43386
55632
64365
45564
70885
73858
59278
80339
72118
77116
66015
54765
46315
56987
41223
64727
60312
60482
49734
55621
41133
28013
11057
3958
-16244
-35548
-30342
-56832
-65168
-63117
-65404
-77094
-63927
-61674
-60492
-59257
0
5630
5289
-5281
-11403
4580
7422
12331
11738
22562
7207
-676
10557
6525
-15171
3607
10582
-9156
-7183
-2839
12611
17817
12347
10529
9298
6718
12615
1113
7000
17824
16362
-10251
-9614
2030
-12375
-15343
-30016
-29234
-36815
-35961
-30876
-16294
-22992
-10615
-20703
-28122
-42779
-37306
-23227
-42913
-58319
-57171
-56023
-44631
-43082
-31792
-46263
-37170
-40648
-40828
-77324
-95496
0
-7416
15764
26660
3303
10261
4642
7572
13590
17684
-4761
-32306
-21662
-10657
-38380
-50928
-27927
-46658
-51596
-33502
-38862
-64367
-51359
-65104
-75456
-90458
-90179
-90813
-89521
-98839
-84962
-72270
-50138
-44932
-40716
-35928
-37976
-31872
-42110
-20180
-24527
-20973
-13648
-32739
-52941
-59624
-39956
-50806
-32712
-17512
4340
-13929
5739
269
-6650
-12210
-27105
-6044
-11736
-10206
-24700
-10119
-17893
-39644
-33288
0
12126
14458
23408
24657
14304
16355
5104
13142
5243
-3978
878
7498
-27556
-33500
-30449
-30811
-25793
-26786
-42408
-52496
-58513
-51212
-54043
-52392
-44434
-49365
-83507
-91110
-95328
-96962
-109029
-104654
-120024
-144732
-143183
-143184
-149851
-150443
-146119
-157118
-139470
-158481
-163799
-178456
-171395
-166539
-197145
-227150
-212741
-204689
-187464
-173708
-177351
-191369
-206456
-206860
-219851
-220635
-224444
-209784
-197658
-189599
-181656
0
-8005
6606
4026
30216
12992
-2346
-19302
4202
10185
23647
34220
31905
19838
13436
-9111
-16342
-50633
-70405
-51343
-45080
-46489
-44220
-37662
-35288
-37174
-16113
-20841
-11359
-535
-23088
-11494
7175
7494
9318
16407
23554
28410
25011
34454
31371
29867
17122
20481
9631
12594
10158
17025
11317
17953
23361
8731
14434
11278
33208
52876
42720
38803
40627
60274
83376
76637
0
-42711
-38358
-44416
-41587
-17698
-2247
-1379
6873
10368
4247
23167
38647
27229
33758
26874
17892
13315
16647
-2657
7752
22412
13256
19274
28224
50154
43782
20534
21388
44732
51542
49578
53988
53676
71268
77503
81827
78464
81823
77220
88733
46264
33532
30672
18638
26099
27779
40220
32868
43692
59423
29737
32035
28872
18554
7153
-10394
-10395
1199
20750
7630
0
11026
13949
26390
40799
60446
33087
22931
12775
9297
20313
22148
29295
13142
5389
16213
24305
39634
38906
48445
70375
50603
57035
77957
76071
57019
68893
56642
56921
61611
66817
78691
87166
89184
92788
88570
99329
114557
96717
95816
102315
121732
142311
144140
133039
131070
135415
134760
139235
135438
157913
148385
157009
155442
159658
177674
172565
168613
131436
124531
109951
120956
102938
0
-12251
-5364
21574
19688
16131
33659
26559
29360
21881
5743
5150
-7108
3243
-3334
-6165
-14250
-7630
-3415
-13884
4144
2240
-18027
-32425
-41580
-33822
-19162
-17295
-16701
-1410
13453
15958
24248
30907
32456
30449
33412
64186
39227
30152
26983
31609
42973
44783
39075
48025
51629
66829
75750
72513
69465
77818
79869
65477
83614
89992
85284
69560
80162
82256
0
7528
21937
14738
13234
20295
9445
17137
10827
28921
19071
8250
29311
44524
53365
51050
61401
73275
78481
100411
86650
100527
92774
96990
99725
66646
61205
48085
55546
29185
47279
52135
47558
54044
69495
72418
64053
33115
44860
51977
66386
44119
45770
56265
67522
56020
51506
45873
27625
25835
12034
20345
13461
6884
17235
32349
32117
34321
22070
21975
21220
14298
20934
0
-22948
-12346
-450
3537
20762
3726
16124
20499
23422
9711
8795
770
11414
22160
16820
21905
10804
-5964
4135
-12282
-9359
5841
21664
-3425
-13131
-11582
1597
4616
11223
30870
35767
16893
11023
-12262
-26935
-10952
8695
2276
-20465
3670
11722
-21637
-42550
-44660
-81586
-71235
-78665
-102954
-103725
-106012
-112414
-100770
-95110
-111362
-114036
-115071
-112773
-102048
-97358
-79264
0
5206
28710
33607
38463
28362
7987
18187
33667
34706
29731
36087
31793
23739
36747
23546
1598
13242
6823
953
-2410
-8029
6631
-210
-6583
13064
-578
-7714
-22185
-23970
-33527
-30032
-40400
-38534
-36602
-15520
-27771
-13980
-27781
-6720
-3024
12427
-9057
-36099
-33136
-16638
-12261
-21831
-3053
-14555
-2178
-993
-14938
-1398
-12397
-7283
-20926
-9298
-37273
-53360
-46982
-42645
-37560
-17368
-1092
-13531
0
-19039
-31227
-30948
-41104
-39892
-62337
-56450
-59310
-54196
-39787
-44683
-30806
-50327
-55222
-79098
-80840
-104405
-103831
-122189
-144181
-133349
-128659
-123782
-128089
-123422
-117535
-102084
-102336
-128574
-126523
-115950
-139988
-164026
-144379
-146666
-149332
-147695
-133156
-145507
-149390
-130297
-145192
-137891
-119797
-105137
-103888
-122230
-103065
-106370
-136085
-147633
-145582
-123652
-109775
-99737
-92310
-85488
-82661
-61579
-71960
-65654
-64786
-71776
0
13288
-2799
-4057
-39792
-25383
-32122
-58611
-39194
-22012
-21855
-12510
-31198
-18276
-6682
-11901
-27
21903
21591
28090
32715
43539
63501
75266
81752
92778
104652
118443
119856
122733
135741
133411
139235
122279
122449
120283
117315
120238
109668
112331
108263
92925
108496
96994
92595
73074
67604
93673
74152
89963
103762
99164
92511
100549
106373
126020
120328
105886
95145
101032
107267
112740
125748
133017
125184
137080
0
-2436
-14687
4981
-18413
-3753
-4654
-5661
-10604
-29405
-64846
-56021
-39379
-32491
-46292
-49937
-39896
-55754
-77076
-68775
-67375
-63618
-51974
-66914
-54788
-56355
-65163
-74999
-86665
-102700
-108570
-102683
-106200
-112172
-97512
-87441
-97759
-107465
-114163
-122957
-111083
-104303
-124693
-120089
-135456
-120917
-121496
-144869
-130992
-124843
-139752
-182966
-192732
-198710
-188389
-184894
-199789
-180121
-170080
-166476
-196733
-195879
0
2213
9514
5296
11531
-12691
-16472
-13407
-3086
10454
32384
20814
-9655
9992
13596
6114
9718
12050
20244
35077
21596
28331
21426
20260
29964
34374
25593
6289
12925
18571
10121
12175
1074
2222
-1256
-6868
1032
22962
37622
30270
18334
27540
17834
28034
47585
36837
27519
36060
45405
49499
44403
33655
27022
7970
16151
2377
-8941
4448
-6465
-19585
-33508
-24293
-12419
-19873
-14400
0
-11101
4350
-15422
-31040
-35209
-45590
-62626
-70299
-94403
-102394
-97790
-110298
-127975
-124384
-123135
-120400
-104417
-116856
-99446
-95842
-84478
-82929
-96709
-117350
-107279
-97935
-79050
-107413
-103198
-99355
-87481
-74193
-93067
-87594
-107915
-101106
-81598
-96178
-106561
-104510
-131552
-149780
-162900
-181169
-192700
-186268
-171772
-170918
-170727
-186051
-192467
-180593
-168999
-184699
-184508
-190709
-192464
-180849
-179700
-175363
-186090
-193404
-185352
0
-755
565
-2862
-8679
-10246
-15393
-23949
-15137
-31376
-14792
7929
-1389
10598
5667
20398
4354
-10223
-4750
3288
21382
10641
6804
-5493
-1753
1048
5584
22226
25149
13647
11060
22452
23822
28196
5269
13024
21945
20953
25290
35109
27799
7238
10570
-23253
-24887
-14422
-27915
-47687
-25757
-36154
-24560
-22457
-41080
-51995
-62999
-56470
-77342
-92237
-103870
0
2801
22448
32043
42084
31451
42598
34593
40296
37860
48149
34857
38231
42447
45499
47580
48829
50199
39098
58745
70253
75459
73466
94527
83276
90869
96075
110743
88871
72784
53658
51594
71241
77476
81332
100840
117734
119104
109469
92153
113214
94856
97124
95011
78656
81707
89997
94407
100318
91884
93935
114355
115768
108322
101417
122478
123891
123301
117072
113234
137369
126119
141951
132795
0
-13214
-6685
7724
19318
-7853
-18811
-6285
-5246
-5089
19578
6343
-9530
-25617
-46661
-57122
-76025
-76135
-78205
-85327
-100903
-97299
-80296
-68788
-62805
-73089
-73579
-66959
-51388
-39011
-18432
-29431
-31573
-29492
-13681
-13402
-25590
-13996
-26435
-17571
-16022
-22424
678
5696
-5125
-12367
-22204
-49375
-49965
-52029
-43977
-57859
-53752
-33418
-11488
-39062
-66887
-53096
-37113
-41202
-42944
-37592
0
-3026
1992
9712
758
-10458
-137
-20590
-28789
-51915
-56427
-60876
-59728
-70978
-59493
-61659
-70173
-66619
-71068
-55257
-38980
-36899
-26578
-38548
-65761
-65081
-65419
-76240
-115396
-129278
-132422
-133960
-132560
-125259
-103329
-118202
-125086
-131970
-131591
-129041
-118036
-94532
-93872
-101288
-95522
-91306
-80482
-101003
-97922
-82557
-80225
-89931
-88561
-76687
-87027
-89889
-86285
-100167
-97244
-87001
-77771
-87600
-69304
0
18885
29487
34321
18218
-13000
-23238
-41078
-61698
-56921
-58783
-36853
-22444
-41570
-46902
-42298
-31293
-1406
-7235
-2545
-17125
-19604
-46094
-42066
-34308
-16716
-10230
-10102
5391
460
-10893
-29796
-39869
-37815
-30425
-42374
-37289
-53376
-63334
-60252
-74414
-91852
-125994
-122432
-126349
-132573
-137532
-117112
-91043
-113488
-107002
-85941
-91663
-80551
-79914
-87919
-111527
-115874
-114726
-117249
-106676
-101470
-80388
0
-6416
2016
8903
-926
-4082
-7531
5757
25404
31291
43165
29083
9391
21659
22807
17539
27861
39369
53419
63238
75112
64414
68738
84309
82167
80750
76301
85925
81075
74886
55114
68705
74471
61288
78513
72643
69632
59063
55146
51947
35262
40280
33832
29485
39526
54186
70260
55466
71744
66154
69077
85800
85059
79167
38818
17748
8383
12599
-12919
10082
20685
38082
47003
0
-6951
-25220
-18333
-15771
-17720
1788
-12792
-15846
-12923
-6303
-12676
-12520
-3025
13000
16696
28204
13841
25435
29772
31423
46083
24342
35599
36969
49346
53322
48764
64215
68820
65177
57344
66689
60567
68939
68627
70863
57885
55305
70253
46215
60875
59774
55427
36336
34343
31295
14748
-2438
1146
-21595
-14975
-10638
-20684
-8537
-6462
7617
-22206
-33307
-36585
-56357
-49842
-60726
-52826
-54689
0
-15087
-10700
-22951
-25136
-24714
-19696
-11406
-24486
-22657
8117
18317
7936
-7239
-25289
-24141
-12547
-24346
-28787
-35160
-28524
-6594
-13435
-15190
-5486
-16055
-4159
-30785
-58610
-42865
-20144
-17875
-10312
-5975
6000
-16696
-36000
-33422
-31341
-46516
-49965
-38091
-29911
-33938
-30873
-16464
-39629
-48301
-54023
-43235
-29947
-33030
-17299
-14192
2702
18784
19744
8213
22471
22794
38868
29340
33348
42031
58105
0
-11502
-17402
-15853
-7140
-11950
-23351
-17464
-7142
7821
511
-7603
-6391
-28475
-8828
-2208
-1147
-8240
-28693
-17436
-16036
-29609
-32190
-38606
-43456
-49624
-51162
-37126
-20892
-36298
-27235
-61506
-67346
-74293
-93985
-86684
-103319
-109441
-126024
-139735
-140385
-148428
-152071
-146563
-152284
-167063
-193272
-191579
-189247
-202728
-186745
-210885
-203584
-197586
-187251
-173711
-150367
-130720
-136604
-116957
-104831
-92053
-92966
-89843
-76303
-64177
0
6499
-14624
-20332
-22768
-7568
2632
-10781
-9678
-6726
-17563
-13959
-21081
-25530
-37100
-17592
-29374
-12651
-15339
-16714
-20443
-9576
-14828
-33227
-39499
-69023
-79307
-90903
-90167
-98158
-109409
-102802
-120418
-119236
-124677
-149392
-127462
-142786
-129498
-122676
-107212
-126904
-148960
-144607
-148544
-136950
-150237
-143471
-140006
-140304
-133094
-138786
-116402
-118199
-117345
-105219
-95400
-81809
-69900
-67568
-65859
-74727
0
-2580
-64
6141
17876
28371
34749
30580
47805
71149
79359
68618
33394
30031
26388
46035
65703
74624
78165
81740
99834
121764
124687
118743
123096
113330
140268
148360
162618
160038
177910
193642
213289
218396
207827
219843
228793
226106
237384
263453
270089
259268
271243
259163
243902
241890
251989
234312
244131
240574
236845
250722
255188
265287
283217
275677
268728
259451
265469
268346
258028
251289
238850
232829
0
-18909
-23295
-19308
-9267
-24873
-12747
-11217
-6361
-474
-8479
-18688
-20198
-34692
-22818
-17800
-28901
-18566
-4409
-5667
99
14759
4993
23289
27411
41288
30568
30567
40918
47476
61512
51411
53679
44913
27957
663
14454
18949
30823
31783
31191
28080
38415
30834
43777
47740
52946
53018
33714
48656
53512
57116
81251
99345
103669
91699
80786
75827
65446
76810
68697
73903
68433
56182
65146
78937
93182
0
-9297
11349
-5419
6958
19335
9485
15372
7807
23618
27955
26206
36247
24745
12115
762
-26382
-12081
-9532
-3428
7107
18701
16946
17906
-15173
-38299
-28697
-46063
-43731
-33396
-48763
-44426
-42375
-41995
-44928
-54778
-42652
-31058
-38731
-32375
-7054
-12273
5319
15105
15448
4878
2693
-8838
-6655
6885
7322
11659
11197
11870
-589
-20956
-7102
-13411
-32034
-38258
-27923
-19253
-33415
-32821
-27736
-25524
0
6485
2928
9652
29299
31673
52007
67220
85314
75464
71036
68348
66714
75075
81179
77450
70136
78231
73042
77298
68021
62891
28514
22792
24192
28013
15081
17882
14799
9588
13998
-3841
5761
18159
20177
24551
22251
8866
-840
11
-5016
-12287
-11075
4506
16100
3168
-1662
8552
9112
3889
-3016
-12782
-31793
-25906
-8509
-6458
-17206
-7251
4896
24404
43182
32081
26253
0
-8143
2208
-13410
-7147
-16430
-14794
-25542
-44911
-21567
-14508
-23477
-61936
-48928
-47780
-52609
-35113
-34153
-41411
-38488
-20896
-6301
4523
-14100
-6920
-23050
-38456
-49060
-52789
-48946
-76240
-56572
-52357
-37081
-49460
-33378
-28360
-34993
-12064
5528
-17399
-7358
-65533
-64573
-78334
-90631
-105037
-97857
-90099
-78505
-63563
-65956
-68536
-74909
-51656
-28152
-25969
-22630
-29730
-43021
-48921
-41494
0
-12932
5162
-29168
-26433
-16111
-21833
-23337
-16449
2099
14086
7776
26193
12482
15445
9691
18361
25127
27202
17352
35446
38260
57907
51785
38665
26631
24624
31008
23872
17600
28216
42625
39080
42816
31995
37013
25762
38160
60090
65977
78907
86585
100462
98576
85673
79006
97100
97631
74403
73511
58336
59484
55028
69688
47209
40304
55418
39143
28790
15
5221
2296
21943
8902
10731
17619
42286
