0
1
0.5
0.333333
0.5
0.4
0.333333
0.285714
0.25
0.222222
0.2
0.181818
0.166667
0.153846
0.214286
0.2
0.25
0.235294
0.222222
0.210526
0.2
0.190476
0.181818
0.173913
0.166667
0.16
0.153846
0.148148
0.142857
0.137931
0.133333
0.16129
0.15625
0.151515
0.147059
0.142857
0.138889
0.135135
0.131579
0.128205
0.125
0.121951
0.119048
0.116279
0.113636
0.111111
0.108696
0.12766
0.125
0.122449
0.12
0.117647
0.115385
0.113208
0.111111
0.109091
0.107143
0.105263
0.103448
0.101695
0.1
0.0983607
0
0
0
0
0.25
0.2
0.166667
0.142857
0.25
0.333333
0.3
0.272727
0.25
0.230769
0.214286
0.2
0.1875
0.176471
0.166667
0.157895
0.15
0.142857
0.136364
0.173913
0.166667
0.16
0.192308
0.222222
0.25
0.241379
0.233333
0.258065
0.25
0.242424
0.235294
0.228571
0.222222
0.216216
0.210526
0.205128
0.2
0.195122
0.190476
0.186047
0.181818
0.177778
0.173913
0.170213
0.166667
0.163265
0.16
0.156863
0.153846
0.150943
0.148148
0.145455
0.142857
0.157895
0.155172
0.152542
0.15
0.163934
0
0
0
0
0
0
0
0
0
0
0
0
0
0
0
0
0
0
0
0.0526316
0.05
0.047619
0.0454545
0.0434783
0.0416667
0.04
0.0384615
0.037037
0.0357143
0.0689655
0.0666667
0.0645161
0.0625
0.0606061
0.0588235
0.0571429
0.0555556
0.0540541
0.0526316
0.0512821
0.05
0.0487805
0.0714286
0.0697674
0.0681818
0.0888889
0.0869565
0.0851064
0.0833333
0.102041
0.12
0.117647
0.115385
0.113208
0.111111
0.109091
0.107143
0.105263
0.103448
0.101695
0.1
0.0983607
0.0967742
0
0
0
0
0
0
0
0
0
0
0
0
0
0
0
0
0
0
0
0
0
0
0
0
0.0416667
0.04
0.0384615
0.037037
0.0357143
0.0344828
0.0333333
0.0322581
0.03125
0.030303
0.0294118
0.0571429
0.0555556
0.0540541
0.0526316
0.0512821
0.05
0.0487805
0.047619
0.0465116
0.0681818
0.0666667
0.0652174
0.0638298
0.0625
0.0612245
0.06
0.0588235
0.0576923
0.0566038
0.0555556
0.0545455
0.0535714
0.0526316
0.0517241
0.0508475
0.05
0.0491803
0
0
0.5
0.333333
0.25
0.2
0.166667
0.142857
0.25
0.222222
0.2
0.181818
0.166667
0.153846
0.142857
0.133333
0.1875
0.176471
0.166667
0.157895
0.15
0.142857
0.136364
0.130435
0.125
0.12
0.115385
0.111111
0.107143
0.103448
0.1
0.0967742
0.125
0.121212
0.147059
0.142857
0.138889
0.135135
0.131579
0.128205
0.125
0.121951
0.119048
0.116279
0.136364
0.133333
0.130435
0.12766
0.145833
0.142857
0.14
0.137255
0.134615
0.132075
0.12963
0.127273
0.125
0.122807
0.12069
0.118644
0.133333
0.131148
0
0
0.5
0.333333
0.25
0.2
0.166667
0.142857
0.125
0.111111
0.1
0.0909091
0.0833333
0.0769231
0.0714286
0.0666667
0.0625
0.0588235
0.0555556
0.0526316
0.05
0.0952381
0.136364
0.130435
0.125
0.12
0.115385
0.111111
0.107143
0.103448
0.1
0.0967742
0.09375
0.0909091
0.0882353
0.0857143
0.0833333
0.0810811
0.0789474
0.0769231
0.075
0.0731707
0.0714286
0.0697674
0.0681818
0.0666667
0.0652174
0.0638298
0.0625
0.0612245
0.06
0.0588235
0.0576923
0.0754717
0.0740741
0.0727273
0.0714286
0.0701754
0.0862069
0.0847458
0.0833333
0.0819672
0
0
0
0
0
0
0
0
0
0
0
0
0
0
0
0
0
0
0.0555556
0.0526316
0.1
0.0952381
0.136364
0.130435
0.125
0.12
0.115385
0.111111
0.107143
0.103448
0.133333
0.129032
0.125
0.121212
0.117647
0.114286
0.111111
0.108108
0.105263
0.102564
0.1
0.097561
0.0952381
0.0930233
0.0909091
0.0888889
0.0869565
0.0851064
0.0833333
0.0816327
0.08
0.0784314
0.0769231
0.0754717
0.0740741
0.0909091
0.0892857
0.0877193
0.0862069
0.0847458
0.0833333
0.0819672
0.0806452
0
0
0
0
0
0
0
0
0
0
0
0
0
0
0
0
0
0
0
0
0
0
0
0
0
0.04
0.0384615
0.037037
0.0357143
0.0344828
0.0333333
0.0322581
0.03125
0.030303
0.0294118
0.0285714
0.0277778
0.027027
0.0263158
0.025641
0.025
0.0243902
0.0238095
0.0232558
0.0227273
0.0222222
0.0217391
0.0212766
0.0208333
0.0204082
0.02
0.0196078
0.0192308
0.0188679
0.0185185
0.0181818
0.0178571
0.0175439
0.0172414
0.0169492
0.0166667
0.0163934
0.016129
0.015873
0.015625
0.0153846
0
0
0.5
0.333333
0.25
0.2
0.166667
0.142857
0.125
0.111111
0.1
0.0909091
0.0833333
0.0769231
0.0714286
0.0666667
0.0625
0.0588235
0.0555556
0.0526316
0.1
0.0952381
0.0909091
0.0869565
0.0833333
0.08
0.0769231
0.0740741
0.0714286
0.0689655
0.0666667
0.0645161
0.0625
0.0606061
0.0588235
0.0571429
0.0555556
0.0540541
0.0526316
0.0512821
0.05
0.0487805
0.047619
0.0465116
0.0454545
0.0444444
0.0434783
0.0425532
0.0416667
0.0408163
0.04
0.0392157
0.0384615
0.0377358
0.0555556
0.0727273
0.0714286
0.0701754
0.0689655
0.0677966
0.0666667
0.0819672
0
0
0
0
0
0
0
0
0
0
0
0
0.0833333
0.0769231
0.0714286
0.0666667
0.0625
0.117647
0.111111
0.105263
0.1
0.0952381
0.136364
0.130435
0.125
0.12
0.115385
0.111111
0.107143
0.103448
0.1
0.0967742
0.09375
0.0909091
0.0882353
0.0857143
0.0833333
0.0810811
0.105263
0.102564
0.1
0.097561
0.119048
0.116279
0.113636
0.111111
0.108696
0.106383
0.104167
0.102041
0.1
0.0980392
0.0961538
0.0943396
0.0925926
0.109091
0.107143
0.105263
0.103448
0.101695
0.116667
0.114754
0.112903
0
0
0.5
0.333333
0.25
0.2
0.166667
0.142857
0.125
0.111111
0.1
0.0909091
0.0833333
0.0769231
0.0714286
0.0666667
0.0625
0.0588235
0.0555556
0.0526316
0.05
0.047619
0.0454545
0.0434783
0.0416667
0.04
0.0769231
0.0740741
0.0714286
0.0689655
0.1
0.0967742
0.09375
0.0909091
0.0882353
0.0857143
0.0833333
0.0810811
0.0789474
0.0769231
0.075
0.0731707
0.0714286
0.0697674
0.0681818
0.0666667
0.0652174
0.0638298
0.0625
0.0612245
0.06
0.0588235
0.0769231
0.0754717
0.0925926
0.0909091
0.0892857
0.0877193
0.103448
0.101695
0.1
0.0983607
0.0967742
0.0952381
0
0
0
0
0
0
0
0
0
0
0
0
0
0
0.0714286
0.0666667
0.125
0.117647
0.111111
0.105263
0.1
0.0952381
0.0909091
0.0869565
0.0833333
0.08
0.0769231
0.0740741
0.0714286
0.0689655
0.0666667
0.0967742
0.125
0.121212
0.117647
0.114286
0.111111
0.135135
0.131579
0.128205
0.125
0.121951
0.119048
0.116279
0.113636
0.133333
0.130435
0.12766
0.125
0.122449
0.12
0.117647
0.115385
0.113208
0.111111
0.109091
0.107143
0.105263
0.103448
0.101695
0.1
0.0983607
0
0
0
0.333333
0.25
0.2
0.166667
0.285714
0.375
0.333333
0.3
0.272727
0.25
0.230769
0.285714
0.266667
0.3125
0.294118
0.277778
0.263158
0.25
0.238095
0.227273
0.217391
0.208333
0.2
0.192308
0.185185
0.178571
0.172414
0.166667
0.16129
0.15625
0.151515
0.147059
0.142857
0.138889
0.135135
0.131579
0.128205
0.125
0.121951
0.119048
0.139535
0.136364
0.155556
0.152174
0.148936
0.145833
0.142857
0.14
0.137255
0.134615
0.132075
0.12963
0.127273
0.125
0.122807
0.12069
0.118644
0.116667
0.131148
0.129032
0.126984
0
0
0
0
0
0
0
0
0
0
0
0
0
0
0
0.0666667
0.0625
0.0588235
0.0555556
0.105263
0.1
0.0952381
0.0909091
0.0869565
0.0833333
0.08
0.115385
0.111111
0.107143
0.103448
0.1
0.0967742
0.09375
0.0909091
0.0882353
0.0857143
0.111111
0.108108
0.105263
0.102564
0.1
0.097561
0.0952381
0.0930233
0.0909091
0.0888889
0.0869565
0.106383
0.125
0.122449
0.12
0.117647
0.115385
0.113208
0.111111
0.109091
0.107143
0.105263
0.12069
0.118644
0.116667
0.114754
0.129032
0
0
0
0
0
0
0
0
0
0
0
0
0.0833333
0.153846
0.214286
0.2
0.1875
0.176471
0.222222
0.263158
0.25
0.238095
0.272727
0.26087
0.25
0.24
0.230769
0.222222
0.214286
0.206897
0.2
0.193548
0.1875
0.181818
0.176471
0.171429
0.194444
0.189189
0.184211
0.179487
0.175
0.170732
0.190476
0.186047
0.181818
0.177778
0.173913
0.170213
0.166667
0.163265
0.16
0.156863
0.153846
0.150943
0.148148
0.145455
0.142857
0.157895
0.155172
0.152542
0.15
0.147541
0.145161
0.142857
0.140625
0
0
0
0
0
0
0.166667
0.142857
0.125
0.111111
0.1
0.0909091
0.0833333
0.0769231
0.0714286
0.0666667
0.125
0.117647
0.111111
0.105263
0.1
0.0952381
0.0909091
0.0869565
0.0833333
0.08
0.0769231
0.0740741
0.0714286
0.0689655
0.0666667
0.0645161
0.0625
0.0606061
0.0588235
0.0571429
0.0555556
0.0810811
0.0789474
0.0769231
0.075
0.0731707
0.0714286
0.0697674
0.0681818
0.0666667
0.0652174
0.0851064
0.0833333
0.0816327
0.08
0.0784314
0.0769231
0.0754717
0.0740741
0.0727273
0.0714286
0.0701754
0.0689655
0.0677966
0.0666667
0.0655738
0.0645161
0.0634921
0
0
0
0.333333
0.25
0.4
0.333333
0.285714
0.25
0.222222
0.3
0.272727
0.25
0.230769
0.214286
0.2
0.1875
0.176471
0.166667
0.157895
0.15
0.142857
0.136364
0.130435
0.125
0.16
0.153846
0.148148
0.142857
0.137931
0.133333
0.129032
0.125
0.151515
0.147059
0.171429
0.166667
0.162162
0.157895
0.153846
0.15
0.146341
0.142857
0.139535
0.136364
0.133333
0.130435
0.148936
0.145833
0.142857
0.14
0.137255
0.153846
0.150943
0.148148
0.145455
0.142857
0.140351
0.137931
0.152542
0.15
0.147541
0.145161
0.142857
0.140625
0
0
0
0
0
0
0
0.142857
0.125
0.111111
0.1
0.0909091
0.0833333
0.0769231
0.0714286
0.0666667
0.125
0.117647
0.111111
0.105263
0.1
0.0952381
0.0909091
0.0869565
0.0833333
0.08
0.0769231
0.0740741
0.0714286
0.0689655
0.0666667
0.0645161
0.0625
0.0606061
0.0882353
0.0857143
0.0833333
0.0810811
0.0789474
0.0769231
0.1
0.097561
0.0952381
0.0930233
0.0909091
0.0888889
0.0869565
0.0851064
0.104167
0.102041
0.1
0.0980392
0.0961538
0.0943396
0.111111
0.109091
0.107143
0.105263
0.103448
0.101695
0.1
0.0983607
0.0967742
0.0952381
0
0
0.5
0.333333
0.25
0.2
0.166667
0.142857
0.125
0.111111
0.1
0.0909091
0.0833333
0.0769231
0.0714286
0.0666667
0.0625
0.0588235
0.111111
0.105263
0.1
0.0952381
0.0909091
0.0869565
0.0833333
0.08
0.0769231
0.0740741
0.0714286
0.0689655
0.0666667
0.0645161
0.09375
0.0909091
0.0882353
0.0857143
0.0833333
0.0810811
0.0789474
0.0769231
0.075
0.0731707
0.0714286
0.0697674
0.0681818
0.0666667
0.0652174
0.0638298
0.0625
0.0816327
0.08
0.0784314
0.0961538
0.0943396
0.0925926
0.0909091
0.0892857
0.0877193
0.0862069
0.0847458
0.1
0.0983607
0.0967742
0
0
0
0
0
0
0
0
0
0
0
0
0
0
0
0
0
0
0
0
0
0
0
0
0
0
0
0.037037
0.0357143
0.0344828
0.0333333
0.0322581
0.03125
0.030303
0.0294118
0.0285714
0.0555556
0.0540541
0.0526316
0.0512821
0.05
0.0487805
0.047619
0.0465116
0.0454545
0.0444444
0.0434783
0.0425532
0.0416667
0.0408163
0.04
0.0392157
0.0384615
0.0377358
0.037037
0.0363636
0.0357143
0.0350877
0.0344828
0.0338983
0.0333333
0.0327869
0.0322581
0
0
0
0
0
0
0
0
0
0
0
0
0
0.0769231
0.0714286
0.0666667
0.0625
0.0588235
0.0555556
0.0526316
0.05
0.047619
0.0909091
0.0869565
0.0833333
0.08
0.0769231
0.0740741
0.0714286
0.0689655
0.0666667
0.0645161
0.0625
0.0606061
0.0588235
0.0571429
0.0555556
0.0540541
0.0526316
0.0512821
0.05
0.0487805
0.0714286
0.0697674
0.0681818
0.0666667
0.0652174
0.0638298
0.0625
0.0612245
0.06
0.0588235
0.0576923
0.0754717
0.0740741
0.0727273
0.0714286
0.0701754
0.0689655
0.0677966
0.0666667
0.0655738
0.0645161
0
0
0
0
0
0
0
0.142857
0.125
0.111111
0.1
0.0909091
0.0833333
0.0769231
0.0714286
0.0666667
0.0625
0.0588235
0.0555556
0.0526316
0.05
0.047619
0.0454545
0.0434783
0.0416667
0.04
0.0384615
0.037037
0.0357143
0.0344828
0.0333333
0.0645161
0.0625
0.0606061
0.0588235
0.0571429
0.0555556
0.0540541
0.0526316
0.0512821
0.05
0.0487805
0.047619
0.0465116
0.0454545
0.0666667
0.0652174
0.0638298
0.0625
0.0816327
0.08
0.0784314
0.0769231
0.0754717
0.0740741
0.0727273
0.0714286
0.0701754
0.0689655
0.0847458
0.0833333
0.0819672
0.0806452
0
0
0
0
0
0
0.166667
0.142857
0.125
0.111111
0.1
0.0909091
0.166667
0.153846
0.214286
0.2
0.1875
0.176471
0.166667
0.157895
0.15
0.142857
0.136364
0.130435
0.125
0.12
0.115385
0.111111
0.107143
0.103448
0.1
0.0967742
0.09375
0.0909091
0.0882353
0.0857143
0.0833333
0.0810811
0.0789474
0.0769231
0.075
0.0731707
0.0714286
0.0697674
0.0681818
0.0666667
0.0652174
0.0638298
0.0625
0.0612245
0.08
0.0784314
0.0769231
0.0754717
0.0740741
0.0727273
0.0714286
0.0701754
0.0689655
0.0677966
0.0666667
0.0655738
0
0
0
0
0
0
0
0.142857
0.125
0.222222
0.2
0.181818
0.166667
0.153846
0.142857
0.133333
0.125
0.117647
0.111111
0.105263
0.1
0.0952381
0.0909091
0.0869565
0.0833333
0.08
0.0769231
0.111111
0.142857
0.137931
0.133333
0.16129
0.15625
0.151515
0.147059
0.142857
0.138889
0.135135
0.131579
0.128205
0.125
0.121951
0.119048
0.116279
0.113636
0.111111
0.108696
0.106383
0.104167
0.122449
0.12
0.117647
0.115385
0.113208
0.111111
0.109091
0.107143
0.122807
0.12069
0.135593
0.133333
0.131148
0
0
0
0
0
0
0.166667
0.142857
0.125
0.111111
0.1
0.0909091
0.0833333
0.0769231
0.0714286
0.0666667
0.0625
0.0588235
0.0555556
0.0526316
0.05
0.047619
0.0454545
0.0434783
0.0416667
0.04
0.0384615
0.0740741
0.0714286
0.0689655
0.0666667
0.0645161
0.0625
0.0606061
0.0588235
0.0571429
0.0555556
0.0540541
0.0526316
0.0512821
0.05
0.0487805
0.047619
0.0465116
0.0681818
0.0666667
0.0652174
0.0638298
0.0625
0.0816327
0.08
0.0784314
0.0769231
0.0754717
0.0925926
0.0909091
0.0892857
0.105263
0.103448
0.101695
0
0
0
0
0
0
0
0
0
0
0
0.0909091
0.0833333
0.0769231
0.0714286
0.0666667
0.0625
0.0588235
0.0555556
0.0526316
0.05
0.047619
0.0454545
0.0434783
0.0416667
0.04
0.0384615
0.037037
0.0714286
0.0689655
0.0666667
0.0645161
0.0625
0.0606061
0.0588235
0.0857143
0.0833333
0.0810811
0.0789474
0.0769231
0.075
0.0731707
0.0714286
0.0697674
0.0681818
0.0666667
0.0652174
0.0638298
0.0625
0.0612245
0.06
0.0784314
0.0769231
0.0754717
0.0740741
0.0727273
0.0714286
0.0701754
0.0689655
0.0677966
0.0666667
0.0655738
0.0645161
0
0
0
0
0
0
0
0.142857
0.125
0.111111
0.1
0.0909091
0.0833333
0.0769231
0.0714286
0.0666667
0.125
0.117647
0.111111
0.105263
0.1
0.0952381
0.0909091
0.0869565
0.0833333
0.08
0.0769231
0.111111
0.107143
0.137931
0.133333
0.16129
0.1875
0.181818
0.176471
0.171429
0.166667
0.162162
0.157895
0.179487
0.175
0.170732
0.166667
0.162791
0.159091
0.155556
0.152174
0.148936
0.145833
0.142857
0.14
0.137255
0.153846
0.150943
0.148148
0.145455
0.160714
0.157895
0.155172
0.169492
0.166667
0
0
0
0
0
0
0
0
0
0
0
0
0
0
0
0
0
0
0
0
0
0
0
0
0
0
0.0384615
0.037037
0.0357143
0.0344828
0.0333333
0.0322581
0.03125
0.030303
0.0294118
0.0285714
0.0277778
0.027027
0.0263158
0.025641
0.025
0.0243902
0.0238095
0.0232558
0.0227273
0.0222222
0.0434783
0.0425532
0.0416667
0.0612245
0.06
0.0588235
0.0576923
0.0566038
0.0555556
0.0545455
0.0535714
0.0701754
0.0689655
0.0677966
0
0
0
0
0
0.2
0.166667
0.142857
0.125
0.222222
0.2
0.181818
0.166667
0.153846
0.142857
0.2
0.1875
0.176471
0.166667
0.157895
0.15
0.142857
0.136364
0.130435
0.125
0.12
0.115385
0.111111
0.107143
0.103448
0.1
0.0967742
0.09375
0.0909091
0.0882353
0.0857143
0.0833333
0.0810811
0.0789474
0.0769231
0.1
0.097561
0.0952381
0.0930233
0.0909091
0.0888889
0.0869565
0.0851064
0.0833333
0.0816327
0.08
0.0784314
0.0769231
0.0754717
0.0740741
0.0727273
0.0714286
0.0701754
0.0689655
0.0677966
0.0666667
0.0819672
0.0806452
0.0793651
0
0
0
0
0
0
0
0
0
0
0
0
0
0
0
0
0
0
0
0
0
0
0
0
0.0416667
0.04
0.0384615
0.037037
0.0357143
0.0344828
0.0333333
0.0322581
0.03125
0.030303
0.0294118
0.0285714
0.0277778
0.027027
0.0263158
0.025641
0.025
0.0243902
0.0238095
0.0232558
0.0227273
0.0222222
0.0217391
0.0212766
0.0208333
0.0204082
0.02
0.0392157
0.0384615
0.0377358
0.037037
0.0363636
0.0357143
0.0350877
0.0517241
0.0508475
0.05
0.0491803
0.0483871
0.047619
0.046875
0
0
0
0
0
0
0
0.142857
0.125
0.111111
0.1
0.0909091
0.0833333
0.0769231
0.0714286
0.0666667
0.0625
0.0588235
0.0555556
0.0526316
0.05
0.047619
0.0454545
0.0434783
0.0416667
0.04
0.0384615
0.037037
0.0357143
0.0344828
0.0666667
0.0967742
0.09375
0.0909091
0.0882353
0.0857143
0.0833333
0.0810811
0.0789474
0.0769231
0.075
0.0731707
0.0714286
0.0697674
0.0681818
0.0666667
0.0652174
0.0638298
0.0625
0.0612245
0.06
0.0588235
0.0576923
0.0566038
0.0555556
0.0545455
0.0714286
0.0701754
0.0862069
0.0847458
0.0833333
0.0819672
0
0
0
0
0
0
0
0
0
0
0
0
0.0833333
0.0769231
0.0714286
0.0666667
0.0625
0.0588235
0.0555556
0.0526316
0.05
0.047619
0.0454545
0.0434783
0.0416667
0.04
0.0384615
0.037037
0.0357143
0.0344828
0.0333333
0.0322581
0.03125
0.030303
0.0588235
0.0571429
0.0555556
0.0540541
0.0526316
0.0512821
0.05
0.0487805
0.047619
0.0465116
0.0454545
0.0444444
0.0434783
0.0425532
0.0416667
0.0408163
0.04
0.0392157
0.0384615
0.0377358
0.037037
0.0363636
0.0357143
0.0526316
0.0517241
0.0508475
0.05
0.0491803
0.0483871
0.047619
0
0
0
0
0
0
0
0
0.125
0.111111
0.1
0.0909091
0.0833333
0.0769231
0.0714286
0.0666667
0.0625
0.0588235
0.0555556
0.0526316
0.05
0.047619
0.0454545
0.0434783
0.0416667
0.04
0.0384615
0.0740741
0.0714286
0.103448
0.1
0.0967742
0.09375
0.0909091
0.0882353
0.0857143
0.0833333
0.0810811
0.0789474
0.102564
0.1
0.097561
0.0952381
0.116279
0.113636
0.111111
0.108696
0.106383
0.104167
0.102041
0.1
0.0980392
0.0961538
0.0943396
0.111111
0.109091
0.107143
0.105263
0.103448
0.101695
0.1
0
0
0
0
0
0
0
0
0
0
0
0
0.0833333
0.0769231
0.0714286
0.0666667
0.0625
0.0588235
0.0555556
0.0526316
0.05
0.047619
0.0454545
0.0434783
0.0416667
0.04
0.0384615
0.037037
0.0357143
0.0344828
0.0333333
0.0322581
0.03125
0.030303
0.0294118
0.0285714
0.0277778
0.027027
0.0263158
0.025641
0.025
0.0243902
0.047619
0.0465116
0.0454545
0.0444444
0.0434783
0.0425532
0.0416667
0.0408163
0.04
0.0588235
0.0576923
0.0566038
0.0555556
0.0545455
0.0535714
0.0526316
0.0517241
0.0677966
0.0833333
0.0819672
0.0806452
0.0952381
0
0
0
0
0
0.2
0.166667
0.142857
0.125
0.111111
0.1
0.181818
0.25
0.230769
0.214286
0.2
0.1875
0.176471
0.166667
0.157895
0.15
0.142857
0.136364
0.130435
0.125
0.12
0.115385
0.111111
0.142857
0.137931
0.133333
0.16129
0.15625
0.151515
0.147059
0.142857
0.138889
0.135135
0.131579
0.128205
0.125
0.121951
0.119048
0.116279
0.113636
0.133333
0.130435
0.148936
0.145833
0.142857
0.14
0.137255
0.134615
0.132075
0.12963
0.127273
0.142857
0.140351
0.137931
0.135593
0
1
0.5
0.333333
0.25
0.2
0.166667
0.142857
0.125
0.111111
0.2
0.181818
0.166667
0.230769
0.214286
0.2
0.1875
0.176471
0.166667
0.157895
0.15
0.142857
0.136364
0.130435
0.166667
0.16
0.153846
0.148148
0.142857
0.137931
0.166667
0.16129
0.15625
0.151515
0.147059
0.142857
0.138889
0.135135
0.131579
0.153846
0.15
0.146341
0.142857
0.139535
0.136364
0.133333
0.130435
0.12766
0.125
0.122449
0.12
0.137255
0.134615
0.132075
0.12963
0.127273
0.125
0.122807
0.12069
0.135593
0.133333
0.131148
0.129032
0
1
0.5
0.333333
0.25
0.4
0.333333
0.285714
0.375
0.333333
0.3
0.272727
0.25
0.230769
0.214286
0.2
0.1875
0.176471
0.166667
0.157895
0.15
0.142857
0.136364
0.130435
0.125
0.12
0.115385
0.111111
0.107143
0.103448
0.1
0.0967742
0.09375
0.0909091
0.0882353
0.0857143
0.0833333
0.108108
0.105263
0.102564
0.1
0.097561
0.0952381
0.0930233
0.0909091
0.0888889
0.0869565
0.0851064
0.0833333
0.0816327
0.1
0.0980392
0.0961538
0.0943396
0.111111
0.109091
0.107143
0.105263
0.103448
0.101695
0.1
0.0983607
0
0
0
0.333333
0.25
0.2
0.166667
0.142857
0.125
0.111111
0.1
0.0909091
0.0833333
0.0769231
0.0714286
0.0666667
0.0625
0.0588235
0.0555556
0.0526316
0.05
0.047619
0.0454545
0.0434783
0.0416667
0.08
0.0769231
0.0740741
0.0714286
0.0689655
0.0666667
0.0645161
0.0625
0.0606061
0.0588235
0.0571429
0.0555556
0.0540541
0.0526316
0.0512821
0.05
0.0487805
0.047619
0.0465116
0.0681818
0.0666667
0.0652174
0.0638298
0.0625
0.0612245
0.06
0.0784314
0.0769231
0.0754717
0.0925926
0.0909091
0.0892857
0.0877193
0.103448
0.101695
0.1
0.0983607
0
0
0
0
0
0
0
0
0
0
0
0
0
0
0
0
0
0
0
0
0.05
0.0952381
0.0909091
0.0869565
0.0833333
0.08
0.0769231
0.0740741
0.0714286
0.0689655
0.0666667
0.0645161
0.0625
0.0606061
0.0588235
0.0571429
0.0555556
0.0810811
0.0789474
0.0769231
0.075
0.0731707
0.0714286
0.0697674
0.0681818
0.0666667
0.0652174
0.0638298
0.0625
0.0612245
0.06
0.0588235
0.0576923
0.0566038
0.0555556
0.0545455
0.0535714
0.0526316
0.0517241
0.0508475
0
0
0
0
0
0
0
0
0
0
0
0
0.0833333
0.153846
0.142857
0.133333
0.1875
0.176471
0.166667
0.157895
0.15
0.142857
0.136364
0.130435
0.125
0.12
0.115385
0.111111
0.107143
0.103448
0.1
0.0967742
0.09375
0.0909091
0.0882353
0.0857143
0.0833333
0.0810811
0.0789474
0.0769231
0.075
0.0731707
0.0714286
0.0697674
0.0681818
0.0666667
0.0652174
0.0638298
0.0625
0.0612245
0.06
0.0784314
0.0769231
0.0754717
0.0740741
0.0727273
0.0714286
0.0701754
0.0689655
0.0677966
0.0666667
0.0655738
0.0645161
0.0634921
0
0
0
0
0
0
0
0
0
0
0
0
0
0
0
0
0
0
0
0
0
0
0
0
0
0
0
0
0
0
0.0333333
0.0322581
0.0625
0.0606061
0.0588235
0.0857143
0.0833333
0.108108
0.105263
0.128205
0.15
0.146341
0.142857
0.162791
0.159091
0.155556
0.152174
0.148936
0.145833
0.142857
0.14
0.156863
0.153846
0.150943
0.148148
0.145455
0.142857
0.140351
0.137931
0.135593
0.15
0.147541
0.16129
0.174603
0.171875
0
0
0
0
0
0
0
0
0
0
0
0
0
0
0
0
0
0
0
0
0
0
0
0.0434783
0.0416667
0.04
0.0384615
0.037037
0.0357143
0.0689655
0.1
0.0967742
0.09375
0.0909091
0.0882353
0.0857143
0.0833333
0.0810811
0.105263
0.102564
0.1
0.097561
0.0952381
0.116279
0.113636
0.111111
0.108696
0.106383
0.104167
0.102041
0.1
0.0980392
0.0961538
0.0943396
0.0925926
0.109091
0.107143
0.105263
0.103448
0.101695
0.1
0.0983607
0
1
0.5
0.333333
0.25
0.2
0.166667
0.142857
0.125
0.111111
0.1
0.0909091
0.166667
0.230769
0.214286
0.2
0.1875
0.176471
0.166667
0.157895
0.15
0.190476
0.181818
0.173913
0.166667
0.16
0.192308
0.185185
0.178571
0.172414
0.166667
0.16129
0.15625
0.151515
0.147059
0.142857
0.138889
0.135135
0.131579
0.153846
0.15
0.146341
0.142857
0.139535
0.136364
0.133333
0.130435
0.12766
0.125
0.122449
0.12
0.117647
0.115385
0.113208
0.111111
0.109091
0.107143
0.105263
0.103448
0.101695
0.1
0
0
0.5
0.333333
0.25
0.4
0.333333
0.285714
0.25
0.222222
0.2
0.181818
0.166667
0.153846
0.142857
0.133333
0.125
0.117647
0.111111
0.105263
0.1
0.0952381
0.0909091
0.0869565
0.0833333
0.08
0.0769231
0.0740741
0.0714286
0.103448
0.1
0.0967742
0.09375
0.0909091
0.0882353
0.0857143
0.0833333
0.0810811
0.0789474
0.0769231
0.075
0.0731707
0.0952381
0.0930233
0.0909091
0.0888889
0.108696
0.106383
0.104167
0.102041
0.1
0.0980392
0.0961538
0.0943396
0.0925926
0.0909091
0.0892857
0.0877193
0.0862069
0.0847458
0.1
0.0983607
0.112903
0.111111
0
0
0
0
0
0
0
0
0
0
0
0
0
0
0
0
0
0
0
0
0
0
0
0
0
0
0
0
0
0.0344828
0.0333333
0.0322581
0.03125
0.030303
0.0294118
0.0285714
0.0277778
0.027027
0.0263158
0.025641
0.025
0.0243902
0.0238095
0.0232558
0.0227273
0.0222222
0.0434783
0.0425532
0.0416667
0.0408163
0.04
0.0392157
0.0384615
0.0377358
0.037037
0.0363636
0.0357143
0.0526316
0.0517241
0.0508475
0
0
0.5
0.333333
0.25
0.2
0.166667
0.142857
0.125
0.111111
0.1
0.0909091
0.0833333
0.0769231
0.0714286
0.0666667
0.0625
0.0588235
0.0555556
0.0526316
0.05
0.047619
0.0909091
0.130435
0.125
0.12
0.115385
0.111111
0.107143
0.103448
0.1
0.0967742
0.09375
0.0909091
0.0882353
0.0857143
0.0833333
0.0810811
0.0789474
0.0769231
0.1
0.097561
0.0952381
0.0930233
0.0909091
0.0888889
0.0869565
0.0851064
0.104167
0.102041
0.1
0.0980392
0.115385
0.132075
0.12963
0.145455
0.142857
0.140351
0.137931
0.135593
0.133333
0.131148
0.129032
0.126984
0.125
0.123077
0
0
0
0
0
0
0
0
0
0
0
0
0.0833333
0.0769231
0.0714286
0.0666667
0.0625
0.0588235
0.0555556
0.105263
0.1
0.0952381
0.0909091
0.0869565
0.0833333
0.08
0.0769231
0.0740741
0.107143
0.103448
0.1
0.0967742
0.09375
0.0909091
0.0882353
0.0857143
0.0833333
0.0810811
0.0789474
0.0769231
0.075
0.0731707
0.0714286
0.0930233
0.0909091
0.0888889
0.0869565
0.0851064
0.0833333
0.0816327
0.08
0.0980392
0.0961538
0.0943396
0.0925926
0.0909091
0.0892857
0.0877193
0.0862069
0.0847458
0.0833333
0.0819672
0.0806452
0.0793651
0
0
0
0
0
0
0
0
0
0
0
0
0
0
0
0.0666667
0.0625
0.0588235
0.0555556
0.0526316
0.05
0.0952381
0.0909091
0.0869565
0.0833333
0.08
0.0769231
0.0740741
0.0714286
0.0689655
0.0666667
0.0967742
0.09375
0.0909091
0.0882353
0.0857143
0.0833333
0.0810811
0.0789474
0.102564
0.125
0.121951
0.119048
0.116279
0.113636
0.111111
0.108696
0.106383
0.104167
0.102041
0.1
0.117647
0.115385
0.113208
0.111111
0.127273
0.125
0.122807
0.12069
0.118644
0.116667
0.131148
0.129032
0.126984
0
0
0
0
0
0.2
0.166667
0.142857
0.125
0.111111
0.1
0.0909091
0.0833333
0.0769231
0.0714286
0.0666667
0.0625
0.0588235
0.0555556
0.105263
0.1
0.0952381
0.0909091
0.0869565
0.0833333
0.08
0.0769231
0.111111
0.107143
0.103448
0.1
0.0967742
0.125
0.121212
0.117647
0.114286
0.111111
0.108108
0.105263
0.102564
0.1
0.097561
0.0952381
0.0930233
0.0909091
0.111111
0.108696
0.106383
0.104167
0.102041
0.1
0.0980392
0.0961538
0.113208
0.111111
0.109091
0.107143
0.105263
0.103448
0.118644
0.116667
0
1
0.5
0.333333
0.25
0.2
0.166667
0.142857
0.25
0.222222
0.2
0.181818
0.166667
0.230769
0.214286
0.2
0.25
0.235294
0.222222
0.263158
0.25
0.238095
0.227273
0.217391
0.208333
0.2
0.192308
0.222222
0.214286
0.206897
0.2
0.193548
0.1875
0.181818
0.176471
0.171429
0.166667
0.162162
0.184211
0.179487
0.175
0.170732
0.166667
0.162791
0.159091
0.155556
0.173913
0.170213
0.166667
0.163265
0.16
0.156863
0.153846
0.150943
0.148148
0.145455
0.142857
0.140351
0.137931
0.135593
0.15
0.147541
0
0
0.5
0.333333
0.25
0.4
0.5
0.428571
0.375
0.333333
0.3
0.272727
0.25
0.230769
0.214286
0.2
0.1875
0.176471
0.166667
0.157895
0.15
0.142857
0.136364
0.130435
0.125
0.12
0.115385
0.148148
0.142857
0.137931
0.133333
0.129032
0.125
0.121212
0.117647
0.114286
0.111111
0.135135
0.157895
0.153846
0.15
0.146341
0.142857
0.139535
0.136364
0.133333
0.130435
0.12766
0.125
0.122449
0.12
0.117647
0.115385
0.113208
0.111111
0.109091
0.107143
0.105263
0.103448
0.101695
0.1
0.0983607
0.0967742
0.0952381
0
0
0
0
0
0
0
0
0
0
0
0
0
0
0.0714286
0.133333
0.1875
0.176471
0.166667
0.157895
0.15
0.190476
0.181818
0.173913
0.208333
0.2
0.192308
0.185185
0.178571
0.172414
0.166667
0.16129
0.15625
0.151515
0.147059
0.142857
0.138889
0.162162
0.157895
0.179487
0.175
0.170732
0.166667
0.162791
0.159091
0.155556
0.152174
0.148936
0.145833
0.142857
0.14
0.137255
0.134615
0.132075
0.148148
0.145455
0.142857
0.140351
0.137931
0.135593
0.133333
0.147541
0.145161
0.142857
0.140625
0
0
0.5
0.333333
0.25
0.2
0.166667
0.142857
0.125
0.111111
0.1
0.0909091
0.0833333
0.153846
0.142857
0.133333
0.125
0.117647
0.111111
0.105263
0.1
0.0952381
0.0909091
0.130435
0.125
0.16
0.153846
0.148148
0.142857
0.137931
0.133333
0.129032
0.125
0.121212
0.117647
0.114286
0.111111
0.135135
0.131579
0.128205
0.125
0.121951
0.119048
0.116279
0.136364
0.133333
0.130435
0.148936
0.145833
0.142857
0.16
0.156863
0.153846
0.150943
0.148148
0.145455
0.142857
0.140351
0.137931
0.135593
0.15
0.147541
0.145161
0.142857
0.140625
0.138462
0
0
0
0
0
0.2
0.166667
0.285714
0.25
0.222222
0.2
0.181818
0.166667
0.153846
0.142857
0.2
0.1875
0.176471
0.166667
0.210526
0.2
0.190476
0.181818
0.173913
0.166667
0.16
0.192308
0.185185
0.178571
0.172414
0.166667
0.16129
0.15625
0.151515
0.147059
0.142857
0.138889
0.135135
0.131579
0.128205
0.125
0.121951
0.119048
0.116279
0.113636
0.111111
0.108696
0.106383
0.104167
0.102041
0.1
0.0980392
0.0961538
0.0943396
0.0925926
0.0909091
0.0892857
0.0877193
0.0862069
0.0847458
0.0833333
0
0
0
0
0
0
0
0
0
0.111111
0.1
0.0909091
0.0833333
0.0769231
0.0714286
0.0666667
0.0625
0.0588235
0.0555556
0.0526316
0.05
0.0952381
0.136364
0.130435
0.125
0.12
0.115385
0.111111
0.142857
0.137931
0.133333
0.129032
0.125
0.121212
0.117647
0.114286
0.111111
0.108108
0.105263
0.102564
0.1
0.097561
0.0952381
0.116279
0.113636
0.111111
0.108696
0.106383
0.104167
0.102041
0.1
0.0980392
0.0961538
0.0943396
0.0925926
0.0909091
0.0892857
0.0877193
0.103448
0
0
0
0
0
0
0.166667
0.142857
0.125
0.111111
0.1
0.0909091
0.0833333
0.0769231
0.0714286
0.0666667
0.0625
0.0588235
0.0555556
0.0526316
0.05
0.047619
0.0454545
0.0434783
0.0416667
0.08
0.0769231
0.0740741
0.107143
0.103448
0.1
0.0967742
0.09375
0.0909091
0.0882353
0.0857143
0.0833333
0.0810811
0.0789474
0.0769231
0.1
0.097561
0.0952381
0.0930233
0.0909091
0.0888889
0.0869565
0.0851064
0.0833333
0.0816327
0.08
0.0784314
0.0769231
0.0754717
0.0740741
0.0727273
0.0714286
0.0701754
0.0689655
0.0677966
0.0666667
0
0
0
0
0
0
0
0
0
0
0
0
0
0
0
0
0
0.0588235
0.0555556
0.0526316
0.05
0.047619
0.0454545
0.0434783
0.0416667
0.04
0.0384615
0.037037
0.0357143
0.0344828
0.0333333
0.0322581
0.03125
0.030303
0.0588235
0.0571429
0.0555556
0.0540541
0.0526316
0.0512821
0.05
0.0487805
0.0714286
0.0697674
0.0681818
0.0666667
0.0869565
0.0851064
0.0833333
0.0816327
0.08
0.0784314
0.0769231
0.0754717
0.0740741
0.0727273
0.0714286
0.0701754
0.0689655
0.0677966
0.0833333
0
0
0
0.333333
0.5
0.4
0.333333
0.285714
0.25
0.222222
0.2
0.181818
0.166667
0.153846
0.214286
0.2
0.25
0.235294
0.277778
0.263158
0.25
0.238095
0.227273
0.217391
0.208333
0.2
0.192308
0.185185
0.178571
0.172414
0.166667
0.16129
0.15625
0.151515
0.147059
0.142857
0.166667
0.162162
0.157895
0.153846
0.15
0.146341
0.142857
0.162791
0.159091
0.155556
0.152174
0.148936
0.145833
0.142857
0.14
0.137255
0.134615
0.132075
0.12963
0.127273
0.125
0.122807
0.137931
0.135593
0.133333
0.131148
0
0
0
0
0
0
0
0
0
0
0
0
0
0
0
0
0.0625
0.0588235
0.0555556
0.0526316
0.05
0.047619
0.0454545
0.0434783
0.0416667
0.08
0.0769231
0.0740741
0.0714286
0.103448
0.1
0.0967742
0.09375
0.0909091
0.117647
0.114286
0.111111
0.108108
0.105263
0.102564
0.1
0.097561
0.0952381
0.0930233
0.0909091
0.0888889
0.0869565
0.0851064
0.0833333
0.0816327
0.1
0.0980392
0.0961538
0.0943396
0.0925926
0.109091
0.107143
0.105263
0.103448
0.101695
0.1
0.0983607
0.0967742
0.0952381
0
0
0
0
0.25
0.2
0.166667
0.142857
0.25
0.222222
0.2
0.181818
0.166667
0.153846
0.142857
0.133333
0.125
0.117647
0.111111
0.105263
0.1
0.0952381
0.0909091
0.0869565
0.0833333
0.08
0.0769231
0.0740741
0.0714286
0.0689655
0.1
0.0967742
0.09375
0.0909091
0.0882353
0.0857143
0.0833333
0.0810811
0.0789474
0.0769231
0.1
0.097561
0.0952381
0.0930233
0.0909091
0.0888889
0.0869565
0.0851064
0.0833333
0.0816327
0.08
0.0784314
0.0769231
0.0754717
0.0740741
0.0727273
0.0714286
0.0701754
0.0689655
0.0677966
0.0666667
0.0655738
0.0645161
0
0
0
0
0
0
0
0
0
0
0
0
0
0.0769231
0.142857
0.133333
0.125
0.117647
0.111111
0.105263
0.1
0.0952381
0.0909091
0.0869565
0.0833333
0.08
0.0769231
0.0740741
0.0714286
0.0689655
0.0666667
0.0645161
0.0625
0.0606061
0.0588235
0.0571429
0.0555556
0.0540541
0.0789474
0.0769231
0.075
0.0731707
0.0714286
0.0697674
0.0681818
0.0666667
0.0652174
0.0638298
0.0625
0.0612245
0.06
0.0588235
0.0576923
0.0566038
0.0555556
0.0545455
0.0535714
0.0526316
0.0517241
0.0508475
0.05
0.0491803
0.0483871
0.047619
0
0
0
0
0.25
0.2
0.166667
0.142857
0.125
0.111111
0.1
0.0909091
0.0833333
0.0769231
0.0714286
0.0666667
0.0625
0.0588235
0.0555556
0.105263
0.1
0.0952381
0.136364
0.130435
0.125
0.12
0.115385
0.111111
0.142857
0.137931
0.166667
0.16129
0.15625
0.151515
0.147059
0.142857
0.138889
0.162162
0.157895
0.153846
0.15
0.146341
0.142857
0.139535
0.136364
0.133333
0.130435
0.148936
0.145833
0.142857
0.14
0.137255
0.134615
0.132075
0.148148
0.145455
0.142857
0.140351
0.137931
0.135593
0
0
0
0
0
0
0
0
0
0
0
0
0
0
0
0
0
0
0
0.0526316
0.1
0.0952381
0.0909091
0.0869565
0.125
0.12
0.115385
0.111111
0.107143
0.103448
0.1
0.0967742
0.09375
0.0909091
0.0882353
0.0857143
0.0833333
0.0810811
0.0789474
0.0769231
0.075
0.097561
0.0952381
0.0930233
0.113636
0.111111
0.108696
0.106383
0.104167
0.102041
0.1
0.117647
0.115385
0.113208
0.111111
0.109091
0.107143
0.105263
0.103448
0.101695
0.1
0.0983607
0.112903
0.111111
0
0
0.5
0.333333
0.25
0.2
0.166667
0.142857
0.125
0.111111
0.1
0.0909091
0.0833333
0.0769231
0.0714286
0.0666667
0.0625
0.0588235
0.0555556
0.0526316
0.05
0.047619
0.0454545
0.0434783
0.0416667
0.04
0.0384615
0.037037
0.0357143
0.0689655
0.0666667
0.0645161
0.0625
0.0606061
0.0588235
0.0571429
0.0555556
0.0540541
0.0526316
0.0512821
0.05
0.0487805
0.047619
0.0465116
0.0454545
0.0444444
0.0434783
0.0425532
0.0416667
0.0408163
0.04
0.0392157
0.0384615
0.0377358
0.037037
0.0363636
0.0357143
0.0350877
0.0344828
0.0508475
0.05
0.0491803
0.0483871
0.047619
0
0
0
0
0
0.2
0.166667
0.142857
0.125
0.111111
0.1
0.0909091
0.0833333
0.0769231
0.0714286
0.0666667
0.0625
0.0588235
0.0555556
0.0526316
0.05
0.047619
0.0454545
0.0434783
0.0416667
0.04
0.0384615
0.037037
0.0357143
0.0689655
0.0666667
0.0645161
0.0625
0.0606061
0.0588235
0.0571429
0.0833333
0.0810811
0.105263
0.102564
0.1
0.097561
0.0952381
0.0930233
0.0909091
0.0888889
0.0869565
0.0851064
0.0833333
0.0816327
0.08
0.0784314
0.0769231
0.0754717
0.0740741
0.0727273
0.0714286
0.0701754
0.0689655
0.0677966
0.0666667
0.0655738
0.0645161
0.0634921
0
0
0.5
0.333333
0.25
0.4
0.333333
0.428571
0.375
0.333333
0.3
0.272727
0.25
0.230769
0.214286
0.2
0.1875
0.176471
0.166667
0.157895
0.15
0.142857
0.136364
0.130435
0.125
0.12
0.115385
0.111111
0.107143
0.103448
0.1
0.0967742
0.09375
0.0909091
0.0882353
0.0857143
0.0833333
0.108108
0.105263
0.102564
0.1
0.097561
0.119048
0.116279
0.113636
0.111111
0.108696
0.106383
0.104167
0.122449
0.12
0.117647
0.134615
0.132075
0.148148
0.163636
0.160714
0.157895
0.155172
0.152542
0.15
0.147541
0
0
0
0
0.25
0.2
0.166667
0.142857
0.125
0.111111
0.1
0.181818
0.166667
0.153846
0.142857
0.133333
0.125
0.117647
0.111111
0.157895
0.15
0.142857
0.136364
0.130435
0.125
0.16
0.153846
0.148148
0.142857
0.137931
0.133333
0.129032
0.125
0.151515
0.147059
0.142857
0.138889
0.135135
0.131579
0.128205
0.125
0.121951
0.119048
0.116279
0.113636
0.111111
0.108696
0.106383
0.104167
0.102041
0.1
0.0980392
0.0961538
0.0943396
0.0925926
0.0909091
0.0892857
0.0877193
0.103448
0.101695
0.1
0.0983607
0.0967742
0.111111
0
0
0.5
0.333333
0.25
0.2
0.166667
0.142857
0.125
0.111111
0.1
0.0909091
0.0833333
0.0769231
0.0714286
0.0666667
0.0625
0.0588235
0.0555556
0.0526316
0.05
0.047619
0.0909091
0.0869565
0.0833333
0.08
0.0769231
0.0740741
0.0714286
0.0689655
0.1
0.0967742
0.09375
0.0909091
0.0882353
0.0857143
0.0833333
0.0810811
0.0789474
0.102564
0.1
0.097561
0.0952381
0.0930233
0.0909091
0.0888889
0.0869565
0.106383
0.104167
0.122449
0.12
0.117647
0.115385
0.113208
0.111111
0.109091
0.107143
0.105263
0.103448
0.101695
0.116667
0
0
0
0
0
0
0
0
0
0
0
0
0
0
0
0
0
0
0
0
0
0
0
0
0
0
0.0384615
0.037037
0.0357143
0.0344828
0.0333333
0.0322581
0.03125
0.0606061
0.0588235
0.0571429
0.0555556
0.0540541
0.0526316
0.0512821
0.05
0.0487805
0.047619
0.0465116
0.0454545
0.0444444
0.0434783
0.0425532
0.0625
0.0612245
0.06
0.0588235
0.0576923
0.0566038
0.0555556
0.0545455
0.0535714
0.0526316
0.0517241
0.0508475
0.05
0.0491803
0
0
0
0.333333
0.25
0.2
0.166667
0.142857
0.125
0.111111
0.1
0.0909091
0.166667
0.230769
0.214286
0.2
0.1875
0.176471
0.166667
0.157895
0.2
0.190476
0.181818
0.173913
0.166667
0.16
0.153846
0.148148
0.142857
0.137931
0.133333
0.129032
0.125
0.121212
0.117647
0.114286
0.111111
0.108108
0.131579
0.128205
0.125
0.121951
0.119048
0.116279
0.113636
0.111111
0.108696
0.106383
0.104167
0.102041
0.1
0.0980392
0.0961538
0.0943396
0.0925926
0.0909091
0.0892857
0.0877193
0.0862069
0.0847458
0
0
0
0
0
0
0
0
0
0
0
0
0
0
0
0
0
0.0588235
0.0555556
0.0526316
0.05
0.047619
0.0454545
0.0434783
0.0416667
0.08
0.0769231
0.0740741
0.0714286
0.0689655
0.0666667
0.0645161
0.0625
0.0606061
0.0588235
0.0571429
0.0555556
0.0540541
0.0789474
0.0769231
0.075
0.0731707
0.0714286
0.0697674
0.0681818
0.0666667
0.0652174
0.0638298
0.0625
0.0612245
0.06
0.0588235
0.0576923
0.0566038
0.0555556
0.0545455
0.0535714
0.0526316
0.0517241
0.0508475
0.05
0.0491803
0.0483871
0
0
0
0
0
0
0
0
0
0
0
0
0
0
0
0
0
0
0
0
0
0
0
0
0
0
0
0
0
0
0
0
0.03125
0.030303
0.0294118
0.0285714
0.0277778
0.027027
0.0263158
0.025641
0.05
0.0487805
0.0714286
0.0697674
0.0681818
0.0666667
0.0652174
0.0638298
0.0625
0.0816327
0.08
0.0784314
0.0769231
0.0943396
0.0925926
0.0909091
0.0892857
0.0877193
0.0862069
0.0847458
0
1
0.5
0.333333
0.25
0.2
0.166667
0.142857
0.125
0.111111
0.2
0.181818
0.166667
0.230769
0.214286
0.2
0.1875
0.176471
0.166667
0.157895
0.2
0.190476
0.181818
0.173913
0.166667
0.16
0.153846
0.185185
0.178571
0.172414
0.166667
0.16129
0.15625
0.151515
0.147059
0.142857
0.166667
0.162162
0.157895
0.153846
0.15
0.146341
0.142857
0.139535
0.136364
0.133333
0.130435
0.12766
0.125
0.122449
0.12
0.117647
0.115385
0.113208
0.111111
0.109091
0.107143
0.105263
0.103448
0.101695
0.1
0.0983607
0.0967742
0.0952381
0.09375
0
0
0
0
0
0
0
0
0
0
0
0
0.0833333
0.0769231
0.0714286
0.0666667
0.0625
0.0588235
0.0555556
0.0526316
0.05
0.047619
0.0454545
0.0434783
0.0416667
0.04
0.0384615
0.037037
0.0357143
0.0344828
0.0333333
0.0322581
0.03125
0.030303
0.0294118
0.0285714
0.0277778
0.027027
0.0263158
0.025641
0.025
0.0243902
0.0238095
0.0232558
0.0227273
0.0222222
0.0217391
0.0212766
0.0208333
0.0204082
0.02
0.0196078
0.0192308
0.0188679
0.0185185
0.0181818
0.0178571
0.0175439
0.0172414
0.0169492
0.0166667
0.0163934
0.016129
0.015873
0
0
0
0
0
0
0.166667
0.142857
0.125
0.111111
0.1
0.0909091
0.0833333
0.153846
0.142857
0.133333
0.125
0.117647
0.166667
0.157895
0.2
0.190476
0.181818
0.173913
0.166667
0.16
0.153846
0.148148
0.142857
0.172414
0.166667
0.16129
0.15625
0.151515
0.147059
0.142857
0.138889
0.135135
0.131579
0.128205
0.125
0.146341
0.142857
0.139535
0.159091
0.155556
0.152174
0.148936
0.145833
0.142857
0.14
0.137255
0.134615
0.132075
0.12963
0.127273
0.125
0.122807
0.12069
0.118644
0.116667
0.114754
0.112903
0.111111
0.109375
0
0
0
0
0
0
0
0
0
0
0
0.0909091
0.0833333
0.0769231
0.0714286
0.0666667
0.0625
0.117647
0.111111
0.105263
0.1
0.0952381
0.0909091
0.0869565
0.0833333
0.08
0.0769231
0.0740741
0.0714286
0.0689655
0.0666667
0.0645161
0.0625
0.0606061
0.0588235
0.0571429
0.0555556
0.0540541
0.0526316
0.0512821
0.05
0.0487805
0.047619
0.0465116
0.0454545
0.0444444
0.0434783
0.0425532
0.0416667
0.0408163
0.04
0.0392157
0.0384615
0.0377358
0.037037
0.0363636
0.0357143
0.0350877
0.0344828
0.0338983
0
0
0
0
0
0
0
0
0
0
0
0
0
0
0
0
0
0
0
0
0
0
0
0
0
0
0
0.037037
0.0357143
0.0344828
0.0666667
0.0645161
0.0625
0.0606061
0.0588235
0.0571429
0.0555556
0.0810811
0.0789474
0.0769231
0.075
0.0731707
0.0714286
0.0697674
0.0681818
0.0666667
0.0652174
0.0638298
0.0625
0.0612245
0.06
0.0588235
0.0576923
0.0566038
0.0740741
0.0727273
0.0714286
0.0701754
0.0862069
0.0847458
0.0833333
0.0819672
0
0
0
0
0
0
0
0
0
0
0
0
0
0
0
0
0
0.0588235
0.0555556
0.0526316
0.05
0.047619
0.0454545
0.0434783
0.0416667
0.04
0.0384615
0.037037
0.0357143
0.0344828
0.0333333
0.0645161
0.0625
0.0606061
0.0588235
0.0571429
0.0833333
0.0810811
0.0789474
0.0769231
0.075
0.0731707
0.0714286
0.0697674
0.0681818
0.0666667
0.0652174
0.0638298
0.0833333
0.0816327
0.08
0.0784314
0.0769231
0.0754717
0.0740741
0.0727273
0.0714286
0.0701754
0.0689655
0.0677966
0.0666667
0.0655738
0.0645161
0.0634921
0
0
0
0
0
0
0
0
0.125
0.111111
0.1
0.0909091
0.0833333
0.0769231
0.142857
0.133333
0.125
0.176471
0.166667
0.157895
0.15
0.142857
0.136364
0.130435
0.125
0.12
0.115385
0.111111
0.142857
0.137931
0.133333
0.129032
0.125
0.121212
0.117647
0.114286
0.111111
0.108108
0.105263
0.102564
0.1
0.097561
0.0952381
0.116279
0.113636
0.111111
0.108696
0.106383
0.104167
0.102041
0.1
0.117647
0.115385
0.113208
0.111111
0.109091
0.107143
0.122807
0.12069
0.118644
0.116667
0.131148
0
0
0.5
0.333333
0.25
0.4
0.333333
0.285714
0.25
0.222222
0.3
0.272727
0.25
0.230769
0.214286
0.2
0.25
0.294118
0.277778
0.263158
0.25
0.238095
0.227273
0.217391
0.208333
0.2
0.192308
0.185185
0.178571
0.172414
0.2
0.193548
0.1875
0.181818
0.176471
0.171429
0.166667
0.162162
0.157895
0.153846
0.15
0.146341
0.142857
0.139535
0.136364
0.133333
0.130435
0.12766
0.125
0.142857
0.14
0.137255
0.134615
0.132075
0.12963
0.127273
0.125
0.122807
0.12069
0.118644
0.116667
0.114754
0.112903
0
1
0.5
0.333333
0.25
0.2
0.166667
0.142857
0.125
0.111111
0.1
0.0909091
0.0833333
0.0769231
0.0714286
0.0666667
0.0625
0.0588235
0.0555556
0.0526316
0.05
0.047619
0.0454545
0.0434783
0.0416667
0.04
0.0384615
0.037037
0.0357143
0.0344828
0.0333333
0.0322581
0.03125
0.030303
0.0294118
0.0285714
0.0277778
0.027027
0.0263158
0.025641
0.025
0.0243902
0.0238095
0.0232558
0.0227273
0.0222222
0.0217391
0.0212766
0.0208333
0.0204082
0.02
0.0196078
0.0192308
0.0377358
0.037037
0.0363636
0.0535714
0.0526316
0.0517241
0.0508475
0.05
0.0491803
0.0483871
0
0
0
0
0
0
0
0
0
0
0.1
0.181818
0.166667
0.153846
0.142857
0.133333
0.125
0.117647
0.111111
0.105263
0.1
0.0952381
0.0909091
0.130435
0.166667
0.16
0.153846
0.148148
0.178571
0.206897
0.233333
0.225806
0.21875
0.212121
0.205882
0.2
0.194444
0.189189
0.184211
0.179487
0.175
0.170732
0.166667
0.162791
0.159091
0.155556
0.152174
0.148936
0.145833
0.142857
0.14
0.137255
0.134615
0.132075
0.148148
0.145455
0.142857
0.140351
0.137931
0.135593
0.133333
0.131148
0.129032
0.126984
0.125
0.123077
0
0
0
0
0
0
0
0
0
0
0.1
0.0909091
0.0833333
0.0769231
0.0714286
0.0666667
0.0625
0.0588235
0.0555556
0.105263
0.1
0.0952381
0.0909091
0.0869565
0.0833333
0.08
0.0769231
0.0740741
0.107143
0.103448
0.1
0.0967742
0.09375
0.0909091
0.0882353
0.114286
0.111111
0.108108
0.105263
0.102564
0.1
0.097561
0.0952381
0.0930233
0.0909091
0.111111
0.108696
0.106383
0.104167
0.102041
0.1
0.0980392
0.0961538
0.0943396
0.0925926
0.0909091
0.0892857
0.0877193
0.103448
0.101695
0.1
0.0983607
0
0
0
0
0
0
0
0
0
0
0
0.0909091
0.0833333
0.0769231
0.0714286
0.0666667
0.0625
0.0588235
0.0555556
0.0526316
0.05
0.047619
0.0454545
0.0434783
0.0416667
0.04
0.0384615
0.037037
0.0714286
0.0689655
0.0666667
0.0967742
0.09375
0.0909091
0.0882353
0.0857143
0.0833333
0.0810811
0.0789474
0.102564
0.125
0.121951
0.119048
0.116279
0.113636
0.111111
0.108696
0.106383
0.104167
0.102041
0.1
0.0980392
0.0961538
0.0943396
0.0925926
0.0909091
0.0892857
0.0877193
0.0862069
0.0847458
0.0833333
0.0819672
0.0806452
0
0
0
0
0
0
0
0
0
0
0
0
0
0
0
0
0
0.0588235
0.0555556
0.0526316
0.05
0.047619
0.0454545
0.0434783
0.0416667
0.04
0.0384615
0.037037
0.0357143
0.0344828
0.0333333
0.0322581
0.03125
0.030303
0.0294118
0.0285714
0.0277778
0.027027
0.0263158
0.025641
0.025
0.0243902
0.0238095
0.0465116
0.0454545
0.0444444
0.0434783
0.0638298
0.0625
0.0612245
0.06
0.0588235
0.0769231
0.0754717
0.0740741
0.0727273
0.0714286
0.0701754
0.0689655
0.0677966
0.0666667
0.0655738
0
0
0
0
0
0.2
0.333333
0.285714
0.25
0.222222
0.2
0.181818
0.166667
0.153846
0.214286
0.2
0.1875
0.176471
0.166667
0.157895
0.15
0.190476
0.181818
0.173913
0.208333
0.2
0.192308
0.185185
0.178571
0.172414
0.166667
0.16129
0.1875
0.181818
0.176471
0.171429
0.166667
0.162162
0.157895
0.153846
0.175
0.170732
0.166667
0.162791
0.159091
0.155556
0.152174
0.148936
0.145833
0.142857
0.16
0.156863
0.153846
0.150943
0.148148
0.145455
0.142857
0.140351
0.155172
0.152542
0.15
0.147541
0.16129
0.15873
0
0
0
0
0
0
0
0
0
0
0
0
0
0
0
0
0.0625
0.0588235
0.0555556
0.0526316
0.05
0.0952381
0.0909091
0.0869565
0.0833333
0.08
0.115385
0.111111
0.107143
0.103448
0.1
0.0967742
0.09375
0.0909091
0.0882353
0.0857143
0.0833333
0.0810811
0.0789474
0.0769231
0.075
0.0731707
0.0952381
0.0930233
0.0909091
0.0888889
0.108696
0.106383
0.104167
0.102041
0.1
0.117647
0.115385
0.113208
0.111111
0.109091
0.107143
0.105263
0.12069
0.118644
0.116667
0.114754
0.112903
0.126984
0
0
0
0
0
0
0
0
0
0
0
0
0
0
0
0
0
0
0
0.0526316
0.05
0.047619
0.0454545
0.0434783
0.0416667
0.04
0.0384615
0.037037
0.0714286
0.0689655
0.0666667
0.0645161
0.0625
0.0909091
0.0882353
0.0857143
0.0833333
0.0810811
0.0789474
0.0769231
0.075
0.0731707
0.0714286
0.0697674
0.0681818
0.0666667
0.0652174
0.0638298
0.0625
0.0612245
0.06
0.0784314
0.0769231
0.0754717
0.0740741
0.0727273
0.0714286
0.0701754
0.0689655
0.0677966
0.0666667
0.0655738
0
0
0
0
0
0.2
0.166667
0.142857
0.125
0.111111
0.1
0.0909091
0.166667
0.230769
0.285714
0.266667
0.25
0.235294
0.222222
0.210526
0.2
0.190476
0.181818
0.173913
0.166667
0.16
0.153846
0.148148
0.142857
0.137931
0.166667
0.16129
0.15625
0.151515
0.176471
0.171429
0.194444
0.189189
0.184211
0.179487
0.175
0.170732
0.166667
0.162791
0.159091
0.177778
0.173913
0.170213
0.166667
0.163265
0.16
0.156863
0.153846
0.150943
0.148148
0.145455
0.142857
0.140351
0.137931
0.135593
0.133333
0.131148
0.129032
0
0
0
0
0
0
0
0
0
0
0
0
0
0.0769231
0.0714286
0.0666667
0.0625
0.0588235
0.0555556
0.0526316
0.05
0.047619
0.0454545
0.0869565
0.0833333
0.08
0.0769231
0.0740741
0.0714286
0.0689655
0.0666667
0.0645161
0.0625
0.0606061
0.0588235
0.0571429
0.0555556
0.0810811
0.0789474
0.102564
0.1
0.097561
0.0952381
0.0930233
0.0909091
0.111111
0.108696
0.106383
0.104167
0.102041
0.1
0.0980392
0.0961538
0.0943396
0.0925926
0.0909091
0.0892857
0.0877193
0.0862069
0.101695
0.116667
0.114754
0
0
0
0
0
0
0
0
0
0
0
0
0
0
0
0.0666667
0.0625
0.0588235
0.0555556
0.0526316
0.1
0.0952381
0.0909091
0.0869565
0.0833333
0.08
0.0769231
0.0740741
0.0714286
0.0689655
0.0666667
0.0645161
0.0625
0.0606061
0.0588235
0.0571429
0.0555556
0.0540541
0.0526316
0.0769231
0.075
0.0731707
0.0714286
0.0697674
0.0909091
0.111111
0.108696
0.12766
0.125
0.122449
0.12
0.117647
0.115385
0.113208
0.111111
0.109091
0.107143
0.105263
0.103448
0.101695
0.1
0.0983607
0.0967742
0
0
0
0
0
0.2
0.166667
0.142857
0.125
0.111111
0.1
0.0909091
0.0833333
0.0769231
0.0714286
0.0666667
0.0625
0.0588235
0.0555556
0.0526316
0.05
0.047619
0.0454545
0.0434783
0.0416667
0.04
0.0384615
0.037037
0.0357143
0.0344828
0.0333333
0.0322581
0.03125
0.030303
0.0294118
0.0285714
0.0277778
0.027027
0.0526316
0.0512821
0.05
0.0487805
0.047619
0.0465116
0.0454545
0.0444444
0.0434783
0.0425532
0.0625
0.0612245
0.06
0.0588235
0.0576923
0.0566038
0.0555556
0.0545455
0.0714286
0.0701754
0.0689655
0.0677966
0.0833333
0.0819672
0
0
0
0
0
0
0
0
0
0
0
0
0
0
0
0
0
0
0.0555556
0.0526316
0.05
0.047619
0.0454545
0.0434783
0.0416667
0.04
0.0384615
0.037037
0.0357143
0.0344828
0.0333333
0.0322581
0.03125
0.030303
0.0294118
0.0285714
0.0555556
0.0540541
0.0526316
0.0512821
0.05
0.0487805
0.047619
0.0465116
0.0454545
0.0666667
0.0652174
0.0638298
0.0625
0.0612245
0.06
0.0588235
0.0769231
0.0754717
0.0740741
0.0909091
0.0892857
0.0877193
0.0862069
0.0847458
0.0833333
0.0819672
0.0806452
0.0793651
0.09375
0.0923077
0.0909091
0
0
0
0
0
0
0
0
0
0
0
0
0
0
0
0.0666667
0.0625
0.0588235
0.0555556
0.0526316
0.05
0.047619
0.0454545
0.0434783
0.0416667
0.04
0.0384615
0.037037
0.0357143
0.0344828
0.0333333
0.0322581
0.03125
0.030303
0.0294118
0.0571429
0.0555556
0.0540541
0.0526316
0.0512821
0.05
0.0487805
0.047619
0.0465116
0.0454545
0.0444444
0.0652174
0.0638298
0.0625
0.0612245
0.06
0.0784314
0.0769231
0.0754717
0.0740741
0.0909091
0.0892857
0.0877193
0.0862069
0.0847458
0.0833333
0.0819672
0.0806452
0
0
0
0
0
0
0
0
0
0
0
0
0
0
0
0
0
0
0
0
0
0
0
0
0.0416667
0.04
0.0384615
0.037037
0.0357143
0.0344828
0.0333333
0.0322581
0.03125
0.030303
0.0294118
0.0285714
0.0277778
0.027027
0.0263158
0.025641
0.025
0.0243902
0.0238095
0.0232558
0.0227273
0.0444444
0.0434783
0.0425532
0.0416667
0.0408163
0.04
0.0392157
0.0384615
0.0377358
0.037037
0.0363636
0.0357143
0.0350877
0.0344828
0.0338983
0.0333333
0.0327869
0
0
0
0
0
0
0.166667
0.142857
0.125
0.111111
0.1
0.0909091
0.166667
0.153846
0.142857
0.133333
0.125
0.176471
0.166667
0.157895
0.15
0.190476
0.181818
0.173913
0.166667
0.16
0.153846
0.148148
0.142857
0.137931
0.133333
0.129032
0.125
0.121212
0.117647
0.142857
0.138889
0.135135
0.131579
0.128205
0.125
0.121951
0.142857
0.139535
0.136364
0.133333
0.130435
0.12766
0.125
0.142857
0.14
0.137255
0.134615
0.132075
0.12963
0.127273
0.125
0.140351
0.137931
0.135593
0.133333
0
0
0
0
0
0
0
0
0
0.111111
0.1
0.0909091
0.166667
0.153846
0.214286
0.2
0.1875
0.176471
0.166667
0.210526
0.2
0.190476
0.181818
0.173913
0.166667
0.16
0.153846
0.148148
0.142857
0.137931
0.133333
0.129032
0.125
0.121212
0.117647
0.114286
0.111111
0.108108
0.105263
0.102564
0.1
0.097561
0.0952381
0.0930233
0.0909091
0.0888889
0.108696
0.106383
0.104167
0.102041
0.1
0.0980392
0.0961538
0.0943396
0.111111
0.109091
0.107143
0.105263
0.12069
0.118644
0.133333
0.147541
0.145161
0
0
0
0
0
0
0.166667
0.142857
0.25
0.222222
0.2
0.181818
0.166667
0.153846
0.142857
0.133333
0.125
0.117647
0.111111
0.157895
0.2
0.190476
0.181818
0.173913
0.166667
0.16
0.192308
0.185185
0.178571
0.172414
0.166667
0.16129
0.15625
0.151515
0.147059
0.142857
0.138889
0.135135
0.131579
0.153846
0.15
0.146341
0.142857
0.139535
0.136364
0.133333
0.130435
0.12766
0.125
0.122449
0.12
0.117647
0.115385
0.113208
0.111111
0.109091
0.107143
0.105263
0.103448
0.101695
0.1
0
0
0
0.333333
0.5
0.4
0.333333
0.285714
0.25
0.222222
0.3
0.272727
0.25
0.307692
0.285714
0.266667
0.25
0.235294
0.222222
0.210526
0.2
0.190476
0.181818
0.173913
0.166667
0.16
0.153846
0.148148
0.142857
0.137931
0.133333
0.129032
0.125
0.121212
0.117647
0.114286
0.111111
0.108108
0.105263
0.102564
0.1
0.097561
0.0952381
0.0930233
0.0909091
0.0888889
0.0869565
0.0851064
0.0833333
0.0816327
0.08
0.0784314
0.0769231
0.0754717
0.0740741
0.0727273
0.0714286
0.0701754
0.0689655
0.0677966
0.0666667
0.0819672
0.0806452
0.0952381
0.09375
0
0
0
0
0
0
0.166667
0.142857
0.25
0.222222
0.2
0.181818
0.166667
0.153846
0.142857
0.133333
0.125
0.117647
0.111111
0.105263
0.1
0.0952381
0.0909091
0.0869565
0.0833333
0.08
0.0769231
0.111111
0.107143
0.103448
0.1
0.0967742
0.09375
0.0909091
0.0882353
0.0857143
0.0833333
0.0810811
0.0789474
0.102564
0.1
0.097561
0.0952381
0.0930233
0.0909091
0.0888889
0.0869565
0.0851064
0.0833333
0.0816327
0.08
0.0784314
0.0769231
0.0754717
0.0740741
0.0727273
0.0714286
0.0701754
0.0689655
0.0677966
0.0666667
0.0655738
0.0645161
0
0
0
0
0
0
0
0
0
0
0
0
0
0
0
0
0.0625
0.0588235
0.0555556
0.105263
0.1
0.0952381
0.0909091
0.0869565
0.0833333
0.08
0.0769231
0.111111
0.107143
0.103448
0.1
0.0967742
0.09375
0.121212
0.147059
0.142857
0.138889
0.135135
0.131579
0.128205
0.15
0.146341
0.142857
0.139535
0.136364
0.155556
0.152174
0.148936
0.145833
0.163265
0.16
0.176471
0.173077
0.169811
0.166667
0.163636
0.160714
0.157895
0.155172
0.152542
0.15
