98
84
92
89
93
79
80
81
124
100
87
100
119
82
75
80
122
90
136
78
134
73
124
101
226
93
84
94
100
89
106
95
102
115
130
96
104
61
97
159
98
102
70
63
97
96
73
103
88
109
120
153
95
65
79
117
69
122
121
67
86
103
107
109
139
162
89
109
119
94
153
100
83
126
99
108
177
109
101
95
60
103
78
76
103
108
107
64
65
107
101
63
65
68
108
86
146
121
95
101
125
126
96
100
177
79
209
144
134
77
83
130
113
86
112
100
102
94
74
121
104
114
117
111
87
143
85
91
125
94
117
84
203
167
100
89
102
172
142
90
88
65
124
60
83
62
78
114
74
87
129
123
93
93
235
67
111
106
87
71
153
111
114
90
83
103
216
81
82
90
126
146
68
78
96
88
70
73
96
123
100
100
109
124
117
116
90
125
97
58
88
94
93
98
113
88
137
95
97
86
67
134
98
109
133
65
141
113
130
82
77
115
88
112
104
76
74
193
69
123
92
54
78
78
87
84
73
164
78
127
88
120
76
141
141
175
95
86
83
58
94
123
116
66
76
96
162
86
79
93
133
107
224
218
86
100
101
111
159
91
175
110
82
68
80
98
126
110
143
120
99
86
176
69
117
83
114
97
77
100
108
110
113
107
103
76
101
68
78
102
127
81
110
88
85
75
100
124
119
140
138
103
86
121
101
63
132
86
128
81
64
71
142
163
81
78
92
101
118
107
155
83
95
83
98
108
98
217
123
74
72
98
76
118
96
116
75
98
65
74
132
104
93
93
81
98
82
83
63
173
106
106
83
136
128
90
70
83
94
78
91
74
78
116
77
102
82
89
95
85
163
91
73
95
91
79
88
169
131
131
186
69
77
113
95
101
82
133
140
146
85
87
103
121
110
89
97
105
95
86
78
90
126
72
89
157
101
60
87
85
97
116
83
63
74
92
88
77
145
71
94
143
80
88
75
106
94
92
103
89
113
123
81
55
151
171
86
89
67
78
110
66
71
100
148
102
89
84
85
75
144
166
67
100
113
156
82
75
80
133
119
121
72
84
69
93
104
82
106
85
87
66
72
109
78
110
94
70
111
110
155
73
75
105
104
82
109
70
76
102
113
83
83
104
94
96
65
74
78
70
