230
0
490
500
250
490
380
600
200
630
0
370
330
0
400
300
640
220
240
340
630
360
320
170
640
200
220
0
510
0
380
620
290
440
0
410
400
320
0
530
0
210
300
0
360
100
390
600
610
0
610
300
0
120
610
170
480
0
230
140
80
0
0
460
440
610
450
520
200
460
350
630
450
0
280
460
260
0
0
360
0
0
0
460
530
0
290
250
120
180
280
290
0
0
610
110
320
0
630
0
480
630
170
300
530
50
0
620
240
0
380
310
270
0
490
260
610
500
520
0
50
640
30
190
620
180
440
520
0
0
350
540
0
0
0
0
600
0
200
0
460
630
640
320
480
0
130
540
0
470
620
160
0
390
520
600
620
460
170
0
180
280
370
250
620
520
220
520
150
630
340
170
240
200
600
370
0
340
210
440
0
260
600
340
340
290
600
330
0
140
0
420
600
400
610
400
300
420
80
610
610
380
0
0
360
0
260
380
0
610
320
600
0
0
220
630
0
320
310
0
0
630
80
600
420
500
280
600
360
270
0
620
0
150
320
180
330
210
0
240
480
640
620
610
240
0
460
50
210
0
260
630
380
350
270
0
640
260
580
0
600
560
620
150
400
640
140
360
610
440
220
0
340
600
50
320
630
200
300
480
430
310
270
140
620
0
0
340
360
200
360
0
280
130
340
400
20
320
110
640
0
20
630
60
0
510
0
600
600
640
0
0
610
520
600
0
100
460
610
270
600
440
370
420
610
470
0
210
0
610
210
190
180
480
0
0
360
640
210
30
620
340
420
100
410
0
320
630
140
0
0
480
630
490
390
280
170
230
460
220
380
640
610
0
480
0
130
600
630
260
120
200
330
610
250
0
150
280
400
450
240
610
180
140
320
0
0
400
490
0
430
600
290
510
270
410
180
310
510
640
100
630
290
410
0
160
0
330
610
370
0
0
600
210
370
340
370
130
0
140
0
630
110
0
620
620
390
180
0
600
210
380
630
610
480
0
0
620
140
610
460
610
600
440
610
220
0
250
280
360
640
380
600
410
0
0
640
360
360
0
220
480
350
250
420
350
340
370
610
370
530
640
610
450
210
0
640
240
200
490
0
190
260
220
530
260
0
290
80
0
0
640
630
620
630
330
600
0
630
370
220
310
0
180
450
380
0
190
320
0
320
0
0
630
490
380
600
0
0
200
400
600
600
620
280
190
610
640
110
130
450
300
0
0
0
0
570
0
610
460
0
540
250
0
630
180
0
0
640
350
600
270
430
630
500
440
220
0
370
430
220
180
290
210
290
480
610
250
630
110
240
620
120
0
640
360
420
130
370
170
340
0
390
360
380
120
0
370
160
620
0
640
240
600
0
0
600
300
400
180
