350
0
0
0
225
0
50
0
50
0
200
250
0
0
0
150
0
0
0
150
400
0
400
0
350
0
0
0
0
0
250
200
0
375
0
200
225
0
300
425
300
0
0
0
0
0
0
350
175
325
0
0
0
0
0
475
0
400
0
0
225
250
375
225
300
425
0
325
400
0
600
0
0
400
0
0
0
0
0
0
0
275
0
0
0
275
0
0
100
125
0
0
0
0
0
150
400
0
150
200
0
0
275
0
250
225
0
0
525
50
0
525
0
0
325
0
0
0
0
325
0
0
350
375
0
25
100
0
300
250
425
0
0
0
0
0
350
0
550
0
225
0
450
0
0
0
0
350
0
125
0
300
0
300
600
50
0
0
0
0
425
0
0
150
0
125
525
0
0
0
450
400
0
225
0
0
125
0
0
175
0
250
0
0
0
0
250
275
0
0
175
0
225
0
0
225
525
0
0
0
0
375
0
0
325
0
0
0
0
0
0
375
0
0
0
0
0
700
0
300
125
0
0
0
150
0
0
400
0
300
0
0
0
0
0
500
0
0
175
0
225
0
400
0
0
25
0
0
0
0
0
375
0
575
50
150
0
0
550
250
0
0
0
0
175
0
400
300
325
0
125
0
600
0
375
0
0
25
100
0
0
0
0
250
225
0
300
0
0
0
300
0
0
0
0
200
175
400
0
450
450
300
175
225
0
0
225
0
0
0
0
0
450
0
125
0
200
325
325
375
0
200
0
0
0
425
0
400
200
100
0
0
0
0
0
0
0
0
0
0
0
300
0
275
0
225
100
0
0
0
0
0
0
500
0
250
0
150
200
0
250
0
0
150
0
0
0
0
0
0
0
0
0
0
250
0
0
550
0
250
0
0
0
0
0
0
0
425
0
0
0
0
0
475
0
0
0
300
175
0
0
250
0
0
325
0
0
0
0
0
125
0
0
0
0
0
0
75
500
0
175
525
100
0
0
0
0
0
150
225
150
0
0
0
375
450
225
0
0
200
425
0
0
0
375
225
25
0
0
0
425
0
0
0
0
550
225
150
150
0
450
300
25
0
0
0
325
0
325
0
100
0
0
0
75
0
200
0
0
100
275
0
0
0
350
75
200
0
0
0
350
0
0
200
225
0
0
100
0
0
