104
0
824
104
0
660
52
748
116
328
60
0
668
0
612
0
600
820
0
0
808
0
0
696
0
44
676
0
884
92
188
724
32
0
0
0
640
52
0
164
0
0
152
600
136
56
628
644
680
272
820
216
8
0
744
44
104
0
124
0
96
0
128
84
684
372
0
684
60
612
0
640
144
0
620
292
0
0
0
60
60
0
664
56
0
0
700
152
0
664
0
64
92
0
680
0
800
0
176
0
604
600
724
0
44
704
736
700
648
716
664
0
656
644
268
700
624
140
680
0
0
360
0
0
92
0
84
0
0
0
0
244
0
0
0
0
44
4
40
0
700
848
0
0
100
16
44
756
0
604
992
0
0
600
0
680
0
0
272
0
664
36
0
60
0
656
220
172
676
808
188
16
0
0
0
116
36
660
800
0
0
788
808
60
0
276
0
608
0
136
948
624
36
224
784
604
652
160
0
0
0
672
8
0
104
744
280
264
84
0
644
628
736
84
640
660
776
680
600
16
0
988
0
232
100
172
60
324
120
68
84
652
0
0
0
128
344
660
692
780
104
676
0
0
660
0
744
660
80
0
0
828
0
684
108
120
604
96
620
332
32
88
768
0
0
0
0
844
0
644
612
36
64
856
0
0
384
0
640
40
160
0
128
624
664
112
128
0
284
0
216
0
104
140
48
0
0
0
0
12
0
72
828
820
0
620
0
616
728
76
700
608
736
8
268
0
676
168
692
76
656
160
404
444
0
240
0
84
620
68
60
120
0
688
676
0
372
628
44
0
748
68
320
52
664
660
40
672
124
0
256
636
628
0
800
104
92
124
604
0
600
696
616
0
0
240
640
608
404
120
0
664
624
992
84
684
0
256
672
64
308
712
0
0
0
0
20
112
152
616
56
664
72
124
708
156
4
664
820
108
212
700
0
640
0
0
32
0
628
532
636
0
780
644
280
80
68
56
712
4
0
684
636
20
0
456
248
0
0
0
732
228
160
700
632
0
0
364
40
700
0
0
632
0
200
112
0
40
0
244
16
44
624
664
124
288
136
172
348
0
0
0
820
0
92
0
0
0
620
0
708
656
636
0
0
0
828
108
616
700
44
296
336
180
60
616
132
212
192
0
0
76
644
328
176
92
928
36
0
820
0
236
0
140
0
112
712
0
136
0
88
0
132
824
88
72
64
0
636
772
700
52
800
824
620
0
664
604
692
0
316
220
0
0
104
0
60
672
692
600
0
260
820
0
600
20
0
792
700
0
644
0
0
68
156
60
128
716
832
0
112
0
60
696
0
788
48
0
684
0
0
656
0
0
636
680
0
64
60
772
0
0
716
96
620
200
0
64
652
44
0
600
0
536
128
0
660
200
80
620
100
124
640
0
208
0
144
640
600
204
0
76
