206
0
0
0
0
196
0
78
0
194
282
0
0
0
0
284
0
0
0
136
306
0
184
0
308
0
236
0
0
44
142
0
106
230
106
248
200
54
102
440
260
274
0
0
0
0
158
324
0
138
154
0
198
0
0
328
0
280
0
154
266
218
338
98
0
222
0
70
282
0
420
0
272
244
0
0
0
0
0
0
222
238
0
0
360
278
132
0
170
146
296
0
0
0
0
170
92
0
90
0
0
226
296
168
92
394
292
0
382
0
0
410
0
0
292
0
0
0
68
250
214
0
270
380
0
0
92
0
284
252
304
0
0
192
0
82
136
0
392
0
146
0
276
0
0
0
206
330
0
52
0
170
0
212
400
212
164
0
162
0
206
0
168
96
0
182
344
0
0
0
242
458
136
220
0
0
220
0
0
0
0
244
0
196
0
0
352
286
144
0
160
144
236
0
0
80
148
0
0
0
0
350
138
0
298
0
0
0
20
0
72
454
0
214
0
0
0
504
0
218
200
82
0
16
94
0
0
330
0
262
0
0
166
0
0
290
0
0
98
146
126
0
270
0
0
0
0
0
0
0
0
218
0
376
100
138
0
0
230
168
0
340
120
0
130
120
224
264
310
320
208
96
324
0
314
0
0
0
12
0
0
0
164
142
0
0
336
46
0
0
98
0
0
48
238
130
150
274
164
318
300
260
182
0
0
0
208
0
0
0
0
174
462
162
0
0
136
190
440
272
334
176
332
0
0
470
0
324
94
0
0
164
156
0
0
0
0
0
0
186
244
0
0
324
0
232
288
0
0
0
0
0
0
278
104
302
0
0
150
308
136
0
0
0
164
240
140
0
0
0
286
0
0
0
268
68
0
336
130
228
0
0
0
0
0
0
0
368
0
0
0
0
0
342
0
0
0
0
92
0
0
234
0
0
186
0
0
0
0
152
122
0
0
0
182
88
0
0
278
122
334
218
178
0
0
0
0
0
98
250
210
218
0
134
406
238
0
0
0
140
324
0
0
230
66
186
116
0
64
0
236
0
0
0
0
428
192
84
118
312
260
156
136
0
0
0
146
0
182
0
192
0
0
0
136
0
276
0
0
118
30
148
0
158
364
194
0
0
0
0
330
0
0
174
148
0
0
180
0
0
