236
0
0
0
0
236
0
0
0
174
292
200
0
0
0
224
0
0
0
176
242
0
214
0
268
0
146
0
0
90
172
134
90
260
66
218
170
184
112
310
240
194
64
0
0
0
78
244
102
148
124
208
218
0
0
270
0
250
152
204
226
158
308
148
168
218
112
140
222
114
260
0
182
244
0
0
0
0
0
0
222
258
0
0
220
268
0
0
230
36
216
142
0
0
0
180
212
0
80
0
0
126
276
128
82
364
312
0
292
98
0
330
0
0
212
0
0
0
0
190
0
0
230
360
0
32
152
48
264
252
264
0
0
192
0
142
136
158
322
0
166
54
206
66
36
0
236
290
0
172
0
110
0
262
350
172
154
206
172
128
276
0
170
96
0
242
324
0
0
0
262
388
136
180
0
0
250
0
172
140
0
134
116
226
0
132
282
276
144
0
200
96
126
0
0
58
0
266
60
0
62
290
160
0
288
52
0
0
30
0
0
334
0
126
0
0
174
424
42
218
190
116
108
0
174
0
0
330
0
242
0
0
0
0
0
220
0
0
148
76
206
0
210
0
0
0
0
0
0
0
0
208
0
316
80
0
0
0
270
208
0
290
160
0
80
120
194
254
290
210
218
190
354
36
284
0
0
10
92
0
206
110
142
0
0
0
196
0
0
0
88
0
0
0
0
160
150
264
246
308
250
240
202
0
182
0
178
0
0
0
0
0
352
124
0
0
156
110
350
222
264
66
302
0
0
410
0
314
70
38
0
204
182
0
0
104
150
0
140
196
208
158
0
254
0
182
228
0
0
0
0
0
0
258
0
222
104
28
210
278
156
0
0
108
182
156
150
0
0
144
236
0
0
0
268
0
100
296
140
268
0
0
16
146
0
0
0
318
176
0
8
0
0
302
0
0
0
172
86
0
0
194
0
0
126
0
0
20
0
72
82
0
0
68
182
0
0
0
248
72
274
258
178
0
0
0
0
0
158
240
230
198
0
72
316
258
0
0
0
140
284
148
0
150
126
226
106
192
130
0
0
0
0
0
192
368
192
146
178
198
290
216
0
0
0
142
166
0
202
0
122
0
0
0
106
202
176
60
0
118
120
0
0
208
304
184
18
0
68
128
250
50
0
154
178
124
0
140
0
0
