200
80
0
70
150
80
80
0
80
160
140
160
130
100
0
120
0
130
0
120
220
20
220
120
200
0
60
0
0
40
160
140
60
210
30
140
150
30
180
230
180
160
50
0
0
0
70
200
130
190
180
180
50
0
0
250
40
220
0
50
150
160
210
150
180
230
90
190
220
140
300
0
140
220
170
0
0
0
0
0
50
170
0
0
190
170
130
0
100
110
130
90
90
0
0
120
220
110
120
140
0
190
170
120
160
150
250
160
270
80
0
270
0
40
190
0
0
100
20
190
130
0
200
210
0
70
100
70
180
160
230
70
0
200
0
120
200
120
280
50
150
60
240
0
60
40
120
200
30
110
100
180
80
180
300
80
150
160
0
90
230
0
0
120
0
110
270
0
0
0
240
220
0
150
100
0
110
90
110
130
90
160
150
190
160
170
160
170
100
0
130
30
150
0
0
150
270
170
60
0
60
210
0
10
190
20
0
0
70
0
0
210
40
160
90
0
70
340
0
180
110
0
0
20
120
0
30
220
0
180
0
160
70
180
0
260
90
70
130
0
150
0
220
0
0
70
0
110
80
80
210
210
0
290
80
120
110
120
280
160
170
110
0
50
130
140
220
180
190
180
110
100
300
90
210
0
80
70
100
0
170
130
60
160
150
0
180
20
50
50
180
60
0
60
0
140
130
220
170
240
240
180
130
150
110
0
150
70
0
0
0
80
240
150
110
0
140
190
190
210
220
140
150
40
160
230
40
220
140
100
80
110
60
0
20
120
100
0
0
90
230
180
80
170
0
150
100
50
40
0
110
0
0
260
160
160
60
120
140
140
160
0
0
120
130
180
100
0
80
100
180
0
0
0
160
0
30
280
150
160
0
40
60
130
0
0
0
230
170
210
60
70
110
250
0
0
150
180
130
80
0
160
140
0
190
90
80
0
40
80
110
80
0
0
80
40
100
90
260
30
130
270
100
0
0
110
90
0
120
150
120
150
10
0
210
240
150
0
30
140
230
40
0
160
210
150
70
110
40
50
230
0
0
170
160
280
150
120
120
180
240
180
70
0
0
70
190
70
190
40
100
0
100
0
90
0
140
50
150
100
170
90
0
160
200
90
140
0
50
160
200
80
0
140
150
170
0
100
60
70
