0
0
0
0
0
680
0
680
0
660
920
720
0
0
0
0
600
0
0
0
0
760
0
600
0
0
660
760
0
0
1120
0
0
0
0
0
660
0
0
0
0
0
800
960
0
960
0
0
0
0
0
700
0
0
680
640
660
0
800
0
0
0
720
0
0
0
0
640
0
700
0
0
0
0
640
1000
0
640
0
880
0
720
0
0
0
0
720
0
0
680
840
680
0
720
700
0
680
0
0
0
720
660
700
0
0
660
1120
660
0
0
0
700
0
720
0
720
0
1000
700
680
880
0
0
0
0
0
660
0
0
0
0
660
0
0
0
0
0
680
0
0
660
0
0
0
0
720
0
0
0
660
660
0
960
0
0
0
720
0
760
700
700
0
0
720
720
0
0
0
720
800
0
660
0
0
0
0
0
0
0
0
0
640
0
1120
0
680
0
920
0
0
0
700
0
960
0
640
0
0
0
720
720
720
0
0
960
0
720
0
0
0
640
1040
0
0
600
600
0
0
0
0
720
0
0
720
0
700
0
720
800
0
960
640
0
0
0
720
0
0
0
0
0
0
840
0
680
0
0
0
0
0
0
960
0
960
0
800
640
720
720
720
0
960
680
800
0
0
0
0
0
0
0
640
0
720
700
0
0
0
0
0
0
0
0
1120
880
720
0
0
600
0
0
0
0
720
0
0
0
640
0
660
0
720
700
0
0
0
0
700
0
720
720
720
0
0
0
0
0
660
800
0
640
0
960
0
640
0
720
0
1040
0
0
720
0
700
0
0
680
0
960
0
0
0
0
0
660
600
0
0
0
0
660
720
960
1120
0
880
0
720
680
0
0
0
0
720
640
720
640
0
680
640
0
960
600
920
760
0
0
0
0
0
700
0
0
0
680
0
0
0
0
0
0
960
720
0
0
700
680
0
0
0
720
720
0
0
0
700
0
0
0
0
0
640
660
680
0
0
800
1120
660
0
0
0
720
0
800
0
0
0
720
960
680
0
720
0
0
0
0
0
960
720
0
0
0
0
0
720
0
720
0
960
880
0
0
660
0
0
800
0
0
0
0
0
960
0
640
0
680
680
920
0
0
0
720
0
0
0
720
0
720
0
0
880
0
0
0
0
0
0
0
800
0
0
660
0
0
0
0
0
0
720
0
960
660
0
0
0
1120
680
0
720
0
1120
700
720
0
0
0
720
0
0
720
0
0
600
660
0
0
720
880
660
680
960
0
0
0
0
0
640
640
960
0
720
0
0
0
0
640
0
720
0
0
680
0
0
0
0
0
0
920
0
0
0
1000
720
0
720
0
0
0
0
0
640
960
0
0
0
0
700
0
0
0
0
0
720
640
0
0
0
720
0
0
640
0
0
720
0
640
720
0
720
