0
52
0
284
0
0
0
90
232
0
86
0
148
0
116
108
314
106
30
0
214
0
68
232
72
84
0
142
128
20
88
0
0
210
156
228
0
0
136
414
32
136
124
0
0
68
288
326
0
0
40
316
146
126
0
0
0
0
50
140
50
146
0
140
0
192
0
0
326
0
32
142
0
84
0
442
346
180
310
56
204
0
0
22
0
204
0
260
0
26
0
0
0
274
68
328
128
268
0
300
50
358
24
0
202
0
232
98
172
106
0
156
0
344
0
86
330
62
56
158
194
0
316
0
92
90
32
248
0
0
0
32
230
0
0
0
0
116
290
0
262
0
142
114
230
18
50
0
204
0
0
0
140
198
144
366
258
0
98
212
118
8
80
0
354
0
16
22
94
0
0
116
0
0
226
232
0
0
80
0
0
0
156
0
0
246
188
0
250
0
80
0
210
276
316
40
100
430
268
0
36
288
128
0
242
82
62
0
196
128
0
30
120
0
100
120
0
70
0
136
36
70
0
104
0
0
88
130
222
0
376
108
0
0
0
0
64
0
0
306
0
208
0
0
0
0
24
194
0
30
64
0
446
0
0
222
0
186
0
166
38
0
468
0
36
0
0
0
0
358
0
0
0
248
20
0
114
140
0
0
134
100
0
168
0
0
0
116
0
210
246
80
234
126
0
100
0
100
0
0
112
60
28
50
88
0
100
0
0
182
0
0
224
76
0
386
186
0
300
86
280
0
100
230
0
0
0
208
304
82
0
0
0
0
94
0
188
94
88
238
322
78
256
22
130
248
68
0
150
194
0
234
52
0
0
0
2
198
46
164
200
0
94
226
66
0
0
0
126
0
400
0
40
64
0
0
160
304
0
274
0
4
0
34
314
0
108
0
28
0
0
0
98
38
0
108
0
288
0
56
292
114
0
0
0
0
0
0
0
224
0
48
40
50
256
430
0
0
188
320
0
134
102
188
244
0
412
102
0
106
0
168
144
192
0
130
0
0
0
0
350
142
182
178
0
0
0
212
380
0
0
120
0
0
0
0
0
128
82
336
136
0
0
0
300
194
68
0
142
258
428
182
84
272
162
70
106
0
232
0
0
148
0
0
108
232
0
0
0
0
0
222
92
62
162
0
0
60
0
0
