248
248
198
0
230
194
160
0
0
272
0
166
112
228
0
0
146
204
0
66
0
0
202
0
118
126
510
0
0
130
0
240
0
0
104
0
88
316
0
0
218
94
0
0
198
170
0
0
200
0
0
0
0
0
312
0
508
192
190
0
0
0
282
0
202
0
276
0
0
64
268
130
362
0
192
0
0
20
0
94
0
148
152
328
524
0
0
0
220
134
330
0
0
0
102
92
4
0
264
90
0
0
106
160
0
188
0
0
0
54
44
0
66
0
224
134
180
0
314
152
166
90
0
146
0
0
0
0
292
0
350
0
0
208
282
210
92
264
0
310
0
90
88
0
0
232
0
0
0
140
220
436
0
0
136
0
52
522
0
108
0
346
220
0
0
10
0
88
266
356
276
0
244
290
0
0
130
128
120
166
346
286
0
0
0
0
162
328
0
264
80
294
88
0
0
150
30
0
0
188
0
0
182
170
0
268
258
226
0
0
290
360
0
0
0
130
88
0
562
0
164
0
288
126
0
426
202
50
0
492
0
0
230
82
92
548
146
0
218
94
0
0
114
0
188
0
0
0
182
410
0
146
0
384
276
0
380
0
252
154
0
266
0
260
152
370
78
0
450
0
212
300
0
0
0
300
330
0
140
0
0
0
228
0
0
276
432
172
226
0
0
0
116
0
408
0
170
0
0
0
188
150
182
0
0
268
0
106
42
0
262
238
0
0
200
0
0
174
0
304
120
270
0
0
198
184
146
0
0
0
444
254
244
140
0
500
0
0
0
62
0
0
0
158
0
226
222
80
0
24
0
66
178
322
414
538
236
0
0
136
0
256
0
0
234
254
246
404
0
292
120
150
110
0
418
192
0
0
80
0
248
0
68
0
0
332
0
330
0
12
0
0
0
0
636
132
118
0
210
84
0
176
84
264
0
244
0
60
314
0
172
302
170
210
0
0
334
136
0
0
292
0
278
0
0
152
0
0
198
0
124
342
0
0
0
30
0
232
456
166
0
0
0
0
0
164
270
38
0
328
276
0
170
218
148
322
252
0
138
0
0
0
360
104
0
0
0
290
0
0
0
0
0
0
208
0
264
52
0
0
120
272
138
0
0
0
116
188
208
222
214
0
0
148
0
58
330
160
0
58
