0
0
0
736
674
966
0
0
670
0
878
0
0
0
0
0
0
0
0
0
622
0
0
0
736
832
0
0
888
0
0
0
832
902
0
0
0
622
858
0
0
0
0
0
0
0
0
0
832
952
714
0
0
610
966
0
0
0
868
0
828
0
868
0
0
0
0
736
0
0
888
0
1150
832
736
0
0
0
0
732
0
0
868
622
868
762
0
0
638
0
0
966
622
0
0
888
0
832
0
830
0
0
614
0
0
1142
626
0
0
0
1070
614
0
0
0
0
0
0
0
824
0
676
0
0
0
0
0
0
888
708
630
1142
0
0
0
660
0
0
0
604
0
0
0
0
0
822
0
732
868
0
0
0
732
676
0
0
0
0
0
614
0
622
0
636
0
0
714
676
822
0
0
0
1046
0
736
0
0
732
0
0
0
868
0
0
0
966
0
694
0
604
0
0
0
0
0
0
0
832
888
0
0
820
0
0
710
872
0
0
0
0
0
0
0
0
732
888
716
832
676
0
616
676
0
0
0
614
740
0
810
868
0
0
0
0
0
0
0
832
732
0
606
0
874
832
0
0
0
872
0
0
676
0
622
0
0
0
0
820
820
820
832
856
0
0
1182
0
606
714
0
832
974
0
0
820
0
0
0
620
606
0
0
0
0
868
0
0
0
678
0
670
0
0
0
820
0
808
868
736
0
0
0
0
0
816
714
836
0
0
0
820
0
0
852
0
712
0
0
1142
0
0
0
898
0
746
736
606
0
0
0
0
0
820
0
0
0
0
0
830
0
0
0
0
1086
604
0
732
0
0
0
0
0
0
0
868
600
676
0
642
0
0
0
0
0
0
736
830
0
712
608
682
0
0
732
694
0
828
868
0
0
0
614
0
0
676
966
0
1096
674
850
0
0
0
634
0
0
0
0
868
0
832
0
0
732
0
0
614
868
0
894
0
0
0
778
966
872
0
0
0
1142
0
0
740
0
868
0
0
0
0
830
744
0
868
0
620
0
0
0
0
732
822
950
0
606
0
676
820
0
0
0
884
0
0
734
0
836
910
0
0
0
0
840
0
0
840
0
0
634
0
610
0
694
0
820
0
0
0
0
0
820
868
606
662
0
0
0
0
832
0
0
0
772
1080
680
0
888
0
0
1064
0
822
0
0
0
1078
888
0
868
0
0
0
0
0
614
868
736
736
0
822
0
782
820
0
0
606
0
678
0
822
798
0
0
868
0
1110
0
888
732
0
1150
0
868
0
1150
0
0
860
736
1150
0
0
888
0
0
732
0
868
888
642
0
0
676
0
0
0
606
0
0
0
0
0
0
0
606
0
664
832
0
0
0
888
0
0
0
820
736
0
602
754
0
726
0
676
0
622
0
766
0
0
0
820
