0
0
0
680
600
680
0
0
0
640
0
600
0
600
0
700
640
0
620
0
0
740
0
740
0
600
640
0
740
0
0
0
0
660
600
0
640
600
600
0
720
620
600
0
0
620
0
0
740
0
0
0
740
660
960
0
740
0
640
640
0
0
0
600
0
660
600
600
640
0
760
0
680
600
600
600
720
0
0
660
640
0
600
720
0
0
0
640
780
640
0
600
0
620
660
620
0
660
0
0
0
740
0
0
0
660
760
0
0
680
800
0
0
600
0
0
600
640
640
620
600
640
0
0
0
0
600
800
620
600
0
0
0
0
600
600
0
660
620
600
0
0
0
0
600
680
0
920
0
700
0
600
740
0
620
0
0
0
0
0
600
640
0
640
0
0
640
600
0
0
780
0
640
0
0
0
700
0
600
0
620
0
740
600
600
680
0
700
600
640
0
660
0
0
0
0
0
660
680
0
0
760
0
600
600
660
620
0
640
780
680
600
0
840
700
600
620
600
740
0
720
680
0
0
0
720
720
0
0
0
0
600
600
0
600
0
700
0
640
0
0
0
0
600
600
0
760
0
0
640
600
0
600
600
0
0
0
0
760
780
600
620
0
620
800
0
0
0
0
0
700
0
640
640
0
0
0
0
0
640
640
600
0
680
0
0
600
600
640
0
0
660
0
640
0
0
0
640
0
0
0
600
0
660
0
0
0
0
0
0
660
720
720
0
0
0
0
640
800
0
0
700
0
760
720
0
680
600
600
620
0
640
0
0
0
0
660
640
0
0
0
600
600
640
640
760
620
600
0
0
0
600
600
0
600
600
600
720
0
0
600
0
600
720
0
660
640
640
0
760
0
620
0
700
660
0
0
0
620
0
820
780
760
600
700
0
600
660
0
600
740
620
600
0
0
0
600
0
0
660
0
840
700
0
0
680
0
600
0
0
0
0
0
760
620
0
0
0
680
0
0
600
0
0
0
0
0
0
600
0
0
600
0
0
0
0
0
600
600
720
700
0
0
0
660
0
0
600
0
700
0
600
600
0
640
600
0
640
740
620
740
0
740
0
620
600
600
660
0
0
0
0
0
0
600
0
0
0
600
620
0
700
0
0
0
640
680
780
0
960
0
0
0
0
0
700
720
740
0
620
0
640
0
640
640
0
0
0
0
600
0
620
0
620
740
600
0
0
600
640
0
780
0
0
640
0
0
600
640
0
660
680
600
640
0
600
600
620
720
640
760
0
0
720
600
600
720
600
600
0
0
780
0
680
0
740
0
620
0
0
0
0
0
0
0
0
640
0
0
0
620
0
600
720
620
600
0
0
620
620
0
0
600
0
600
0
960
0
0
0
600
0
760
620
0
640
700
620
0
600
0
700
600
600
600
700
800
600
0
640
0
0
