0
0
0
100
0
0
120
205
0
0
40
0
165
0
215
150
0
0
85
0
110
70
0
155
50
135
0
220
0
0
140
0
100
85
5
0
45
70
30
0
0
260
0
140
0
225
0
250
0
0
0
235
250
105
140
355
125
80
70
65
0
150
40
115
0
95
0
0
70
0
150
90
160
70
0
245
260
190
310
45
265
35
130
35
0
220
120
140
130
0
0
295
150
450
80
95
0
170
90
0
0
110
90
95
385
155
220
115
275
240
160
300
0
310
0
135
0
180
0
160
125
0
335
75
90
60
125
170
0
0
90
0
105
0
80
0
170
0
230
0
0
270
0
170
110
120
40
0
0
0
125
0
170
355
145
360
165
0
140
325
115
0
55
160
110
95
40
0
170
0
0
65
0
0
190
220
30
0
105
115
0
0
70
0
0
135
0
0
0
70
0
0
120
185
195
130
0
110
75
5
100
310
115
100
385
130
50
0
115
170
0
0
135
155
0
0
110
65
0
105
0
85
0
0
180
130
190
100
140
0
170
0
0
60
0
0
180
160
90
130
105
275
50
150
45
175
0
0
0
0
120
0
360
0
0
290
0
0
0
0
150
0
300
135
190
0
285
120
0
445
240
0
85
0
80
25
0
40
0
0
135
155
75
170
275
80
0
0
0
0
100
0
95
140
95
0
65
0
70
55
150
0
50
100
60
0
0
0
0
155
90
60
80
0
100
180
35
205
230
0
30
0
95
260
0
0
95
60
260
70
0
0
0
0
90
120
0
80
130
285
225
180
205
90
175
0
80
195
170
0
40
140
40
0
0
30
100
315
40
100
390
50
160
210
80
0
170
0
0
0
135
0
0
70
35
0
125
330
65
90
0
0
185
25
340
55
85
0
55
115
0
0
230
20
0
0
75
360
0
55
165
0
0
100
305
50
45
185
0
110
0
125
185
0
120
335
60
70
80
185
55
100
135
0
75
0
0
165
155
240
0
225
120
190
0
0
80
0
0
215
0
230
125
215
0
0
0
160
225
60
0
135
0
120
110
0
0
300
125
70
120
0
0
0
205
160
0
0
265
65
350
0
0
345
0
90
0
145
65
60
130
0
0
40
120
175
65
120
0
10
80
0
0
0
0
210
0
0
0
25
