540
180
500
460
220
260
0
320
320
420
340
160
540
340
260
320
260
480
320
340
100
320
140
200
340
420
220
440
380
240
300
380
60
220
140
180
300
440
440
100
180
100
280
560
0
580
240
160
400
340
420
0
600
420
600
240
260
500
600
280
120
160
460
100
300
280
520
380
380
120
540
420
500
400
500
180
340
600
0
540
520
360
380
280
280
340
220
440
440
420
240
360
260
360
340
600
300
360
0
320
60
400
360
140
480
360
440
280
500
360
300
140
360
180
480
220
400
500
320
520
340
100
260
480
200
280
500
440
320
380
160
360
460
520
280
340
180
320
360
220
300
180
600
360
420
360
0
380
200
360
180
300
480
340
420
340
180
300
260
140
220
220
320
260
420
300
180
340
280
160
240
220
240
260
480
0
400
440
460
440
360
280
320
260
280
160
240
280
260
200
380
280
540
300
240
200
200
300
380
380
400
400
380
280
60
440
460
220
140
40
300
220
320
400
560
340
360
600
260
600
400
280
180
500
280
540
560
180
540
340
320
320
520
180
480
300
260
340
240
260
500
260
180
600
160
340
120
300
340
360
400
280
340
220
500
600
440
260
280
600
420
240
240
160
600
180
0
600
260
380
360
120
140
440
440
300
0
180
520
460
540
500
240
600
360
300
0
480
260
480
300
260
300
600
240
260
200
260
180
120
460
400
200
600
520
380
340
460
120
200
180
420
480
120
280
200
600
320
540
300
100
300
400
600
360
280
320
540
540
300
360
600
300
340
100
340
540
480
60
240
140
320
120
600
420
220
80
260
280
440
360
200
120
500
600
380
200
360
260
300
260
200
400
200
320
200
180
320
300
480
260
320
380
500
80
600
360
440
380
220
240
420
460
200
260
260
540
440
0
600
560
340
200
200
0
440
460
380
420
440
180
180
280
600
420
400
180
220
460
300
180
240
140
500
600
360
0
320
440
180
100
140
60
360
300
200
340
320
600
380
220
600
300
420
0
400
280
80
460
320
320
300
400
280
440
260
160
600
420
400
460
400
560
240
220
420
140
160
560
400
500
140
500
560
600
520
320
160
200
420
240
460
120
160
540
280
320
400
400
360
160
320
140
140
260
100
120
320
100
600
300
260
0
600
320
260
380
520
380
420
0
300
240
600
260
380
320
300
400
180
600
320
180
420
420
600
280
200
400
340
600
380
120
540
600
380
220
600
540
0
80
400
260
440
60
320
300
120
600
420
460
300
240
0
300
480
320
600
0
200
500
440
520
440
260
320
300
460
420
160
340
80
60
140
280
180
40
440
100
140
240
260
260
480
360
420
380
300
340
380
200
420
260
260
200
320
520
260
60
540
380
360
340
460
420
600
480
460
540
560
