96
580
108
0
0
404
600
372
616
220
392
0
0
0
652
0
272
168
80
16
616
156
644
0
176
0
424
0
292
608
332
0
608
352
624
604
0
136
0
604
0
620
0
0
620
0
368
604
0
340
408
636
0
56
0
616
636
0
0
0
592
608
244
424
448
16
0
304
340
328
0
44
0
312
0
656
0
0
608
0
0
608
0
196
304
264
400
0
0
0
512
356
428
0
0
0
328
116
616
156
492
68
0
604
0
208
0
420
636
212
0
604
424
628
224
636
0
0
0
0
448
416
640
620
348
340
40
0
0
0
320
0
0
0
156
244
556
612
372
600
600
620
0
156
0
0
600
652
648
0
600
0
0
640
144
604
348
104
108
604
676
0
604
528
600
312
616
604
244
132
0
352
0
84
160
608
0
304
96
216
0
636
500
376
0
676
220
0
184
172
0
0
0
664
268
608
616
152
128
132
0
0
0
92
636
0
0
476
208
644
344
156
616
168
0
0
0
0
260
0
168
160
352
0
652
0
192
376
0
660
336
384
0
284
132
228
452
0
0
420
0
608
616
0
224
296
612
600
172
132
0
444
0
620
48
0
600
4
316
0
304
108
404
0
0
636
600
0
368
244
356
620
424
0
72
148
600
400
0
148
0
0
608
0
160
164
632
0
312
0
352
600
212
0
0
624
644
0
604
624
292
424
608
0
0
252
44
664
660
620
376
604
0
612
328
628
0
544
0
624
676
604
132
0
0
424
304
116
0
628
600
0
640
632
608
460
0
16
556
272
628
388
600
0
0
324
612
0
628
148
284
224
404
192
0
392
308
208
500
68
212
564
0
252
24
384
296
576
0
0
600
520
0
0
632
0
136
676
0
620
0
0
0
328
0
616
0
344
608
0
0
0
484
284
604
248
48
600
160
0
656
616
636
620
468
224
504
484
232
424
508
604
640
0
0
620
628
140
0
632
604
616
608
236
272
624
612
156
0
172
340
0
612
24
600
600
620
600
0
344
372
196
164
24
0
0
616
224
240
0
84
148
0
352
484
196
416
600
0
0
0
612
0
0
0
600
0
348
316
0
412
0
604
628
136
364
264
172
0
0
632
560
600
600
0
612
600
232
592
0
196
104
620
0
504
600
332
0
0
0
604
104
620
0
436
168
0
196
428
288
72
244
476
100
0
0
324
600
0
252
0
0
620
604
0
0
644
0
0
640
636
0
0
268
600
608
248
160
0
0
84
0
620
620
612
0
0
0
604
608
40
0
0
0
484
268
244
0
0
600
668
424
612
648
420
300
456
52
600
596
0
340
356
228
0
124
284
360
412
0
664
240
392
412
240
364
0
484
664
120
280
328
84
0
0
0
0
136
292
0
600
404
0
40
496
0
0
60
676
0
660
44
