0
0
0
0
0
0
0
225
0
0
0
0
125
0
200
0
0
0
0
0
350
100
0
200
150
0
0
250
225
0
200
0
0
425
125
200
0
0
200
0
0
200
0
150
0
0
425
350
0
0
0
350
325
250
0
325
0
0
0
225
75
250
0
0
0
325
0
0
0
100
0
200
0
300
0
575
275
275
475
0
325
25
75
50
0
0
0
275
0
0
0
0
0
0
0
0
0
225
0
0
175
375
0
0
400
0
425
50
325
0
0
275
0
400
0
0
0
0
0
0
0
0
300
0
400
0
100
375
0
0
0
0
350
0
0
0
0
0
450
0
425
0
0
400
300
0
150
0
325
0
0
0
200
0
150
400
275
0
200
0
175
0
0
0
675
0
0
125
0
0
0
350
0
0
500
450
0
0
0
0
0
0
275
0
0
375
0
0
350
0
0
0
0
400
0
0
0
675
400
0
100
375
0
0
425
100
0
0
0
0
0
0
150
0
125
0
0
50
0
250
0
150
0
0
0
0
0
100
225
0
450
0
0
0
0
0
225
0
0
0
0
425
0
0
0
125
0
75
0
0
75
0
0
0
0
0
0
100
0
0
0
0
700
0
0
0
0
0
0
500
0
0
0
225
25
0
0
175
0
0
0
275
0
300
0
0
0
150
0
175
350
100
0
0
0
50
0
250
25
50
0
0
25
125
225
0
0
0
0
250
0
0
200
0
0
375
150
0
375
0
0
50
175
350
0
0
0
200
300
150
0
0
0
0
200
0
0
50
175
425
0
200
250
25
0
0
0
0
0
300
0
225
125
0
0
0
0
450
0
0
400
0
350
500
175
0
0
0
150
0
300
0
0
150
0
0
275
600
0
250
0
100
0
0
500
0
225
0
0
0
0
75
225
0
0
0
0
450
0
0
425
0
0
0
0
0
0
0
0
0
0
0
0
0
250
350
0
0
300
0
0
175
0
225
75
0
525
250
0
225
0
0
0
250
0
0
175
0
0
0
425
350
0
250
275
0
0
325
200
0
0
150
0
0
0
0
0
300
0
200
100
0
0
0
500
75
0
0
375
300
600
0
100
475
0
100
50
225
0
50
0
75
0
0
0
375
100
0
125
50
0
0
200
0
0
0
0
0
0
0
