198
278
188
0
150
114
150
0
0
232
0
106
92
158
0
112
216
194
100
196
0
220
142
0
88
46
430
68
0
110
0
160
226
0
0
0
206
236
0
166
178
34
96
0
158
140
0
0
200
266
170
0
0
0
302
0
368
242
120
0
0
0
272
0
142
0
386
40
44
54
328
158
312
0
202
0
0
30
0
134
0
0
102
198
464
6
96
0
170
134
240
94
0
0
72
0
42
0
174
0
0
0
86
160
0
88
0
64
0
114
54
0
16
0
74
114
80
168
224
122
106
150
0
176
0
0
0
0
272
316
240
468
0
218
172
150
112
234
0
190
0
70
98
0
0
142
0
0
0
80
290
396
0
0
146
0
62
312
50
88
0
216
250
96
0
0
0
58
216
356
256
0
234
360
0
0
150
38
180
136
246
216
0
0
0
0
0
238
0
124
210
324
0
0
0
220
40
0
62
98
40
0
162
100
0
0
208
116
0
0
330
250
60
34
0
160
8
170
522
8
124
0
138
206
0
256
152
0
0
292
0
112
160
72
112
508
106
0
248
44
0
0
134
0
208
0
20
0
232
300
0
126
0
378
326
48
380
0
182
74
0
226
0
300
142
330
118
176
390
0
92
160
0
0
0
310
210
0
130
0
0
70
118
0
78
296
392
82
306
0
0
0
84
94
338
120
80
0
208
0
128
110
72
102
0
208
20
106
82
0
282
358
0
0
100
0
0
144
0
164
70
260
0
0
98
214
126
0
36
118
424
172
204
280
0
470
142
0
0
0
28
0
0
188
0
186
332
120
0
34
0
116
168
362
344
398
176
0
0
0
0
206
0
0
144
114
316
304
24
312
0
120
180
0
308
232
20
0
130
0
228
0
158
166
0
242
0
320
322
36
0
0
2
212
556
72
248
0
250
54
0
156
144
364
44
194
244
70
294
66
92
222
80
0
0
90
284
96
0
0
282
156
208
42
0
192
0
68
198
84
84
232
0
0
0
30
0
202
336
186
0
0
0
0
8
164
180
8
0
378
346
0
160
198
38
152
262
0
48
0
54
258
340
124
0
0
152
230
0
0
0
0
122
0
228
0
0
52
68
0
120
192
218
88
0
0
106
118
168
102
224
0
0
138
48
118
200
70
294
16
