0
0
616
616
0
256
0
0
0
600
0
260
608
580
0
348
564
592
0
604
232
524
0
0
484
380
0
452
448
0
460
600
12
0
0
608
0
600
616
0
0
0
0
600
0
604
0
0
112
500
512
0
600
608
604
324
0
612
612
0
672
0
556
0
0
560
556
336
464
0
560
576
612
588
604
0
0
612
0
612
600
0
616
0
616
636
0
608
396
616
168
392
612
600
584
616
452
0
0
608
0
492
544
508
604
0
536
420
0
156
504
0
416
0
600
0
664
612
404
600
532
0
0
616
512
600
580
612
0
608
436
600
612
600
604
0
0
0
320
428
220
0
612
464
600
548
0
0
0
332
0
464
604
0
612
0
452
0
532
0
496
0
612
392
0
0
0
0
0
604
120
280
532
432
0
0
124
536
604
604
612
0
0
508
0
0
0
536
256
528
612
0
608
0
352
0
0
508
432
568
600
508
612
0
0
616
604
0
452
0
0
484
504
472
612
488
420
604
500
604
552
0
576
612
388
604
0
404
616
0
504
396
500
496
604
320
0
612
0
260
616
616
0
600
0
0
0
384
0
628
236
600
616
0
608
612
0
496
0
604
536
612
256
412
600
0
0
608
492
532
0
0
72
604
548
0
0
380
604
612
616
604
0
616
508
0
0
568
88
600
548
0
604
604
0
0
0
500
0
0
608
476
0
604
604
0
452
0
0
0
524
0
672
0
420
0
616
256
616
0
0
0
628
600
396
400
616
616
712
296
0
604
0
0
0
540
616
500
0
260
0
600
0
600
608
420
0
0
0
572
396
496
396
608
600
64
0
512
0
452
408
0
612
500
444
0
0
0
0
592
0
0
612
600
0
600
600
0
612
0
144
608
608
360
0
488
604
616
0
608
616
368
0
212
0
584
392
0
600
608
0
0
428
0
572
556
612
112
608
456
332
396
0
608
608
408
0
560
480
0
0
0
0
444
588
0
0
504
600
612
372
608
0
428
0
280
0
0
600
600
36
504
0
452
608
0
0
0
600
64
612
472
608
608
96
604
124
0
616
528
604
0
604
580
612
0
608
0
0
612
0
604
372
152
524
516
436
268
608
516
0
40
0
0
532
0
0
468
0
616
464
596
0
608
0
0
0
556
580
524
0
608
0
604
0
612
104
0
0
0
568
496
0
504
452
612
0
460
460
0
616
616
0
616
600
608
0
604
616
0
0
596
540
0
0
0
608
0
608
604
416
0
492
0
0
600
332
616
0
0
600
608
604
616
336
0
48
492
616
132
0
256
0
0
540
0
0
548
0
360
0
332
0
612
532
488
556
460
408
0
192
520
408
0
0
0
612
496
0
612
0
224
556
552
536
604
0
0
0
608
0
0
0
480
572
560
612
480
0
456
0
576
