40
20
20
190
50
60
0
150
140
0
140
120
110
20
140
60
150
110
60
60
200
100
80
140
120
120
0
160
150
60
140
0
60
230
110
140
30
0
140
150
60
140
90
120
0
70
230
200
0
0
20
200
190
160
0
190
0
60
50
150
90
160
0
70
0
190
0
130
120
100
60
140
0
180
30
290
170
170
250
60
190
70
90
80
0
130
110
170
0
50
0
150
110
230
60
200
140
150
40
200
130
210
110
0
220
70
230
80
190
0
130
170
60
220
90
50
0
80
0
70
110
0
180
50
220
70
100
210
0
40
0
0
200
0
20
0
100
40
240
0
230
100
80
220
180
60
120
40
190
50
0
0
140
180
120
220
170
0
140
170
130
0
50
100
330
70
30
110
60
0
0
200
0
0
260
240
70
110
90
70
0
0
170
50
60
210
80
0
200
70
70
0
150
220
170
30
50
330
220
70
100
210
90
90
230
100
0
90
90
50
0
10
120
80
110
60
0
80
0
160
50
120
80
40
100
10
50
100
150
0
240
60
90
80
60
0
150
150
0
160
70
230
40
90
0
110
100
90
0
0
90
0
240
0
0
160
0
100
40
100
90
0
340
30
110
0
0
80
0
260
0
0
140
150
70
10
60
130
0
40
70
170
0
180
150
0
0
120
0
130
200
100
90
160
0
80
30
160
70
80
80
60
70
110
150
10
70
0
100
160
0
0
140
0
70
210
120
70
210
70
140
80
130
200
0
0
60
140
180
120
0
0
60
60
140
0
120
80
130
230
190
140
160
70
120
0
40
0
160
180
0
150
110
0
0
0
0
240
40
60
220
0
200
260
130
60
0
30
120
0
180
30
0
120
0
0
170
300
90
160
0
100
60
30
260
0
150
0
30
90
0
90
150
10
0
100
50
240
0
40
230
100
40
0
130
0
40
100
0
80
70
40
90
50
160
200
20
50
180
170
0
130
60
150
90
0
270
160
0
150
20
50
90
160
10
100
130
0
0
40
230
200
210
160
170
0
0
190
140
0
0
120
0
0
80
40
0
180
100
140
100
0
0
0
260
90
50
0
210
180
300
120
100
250
0
100
80
150
130
80
90
90
10
100
120
210
100
60
110
80
0
60
140
100
130
110
0
80
0
90
