620
0
0
0
620
660
800
0
760
0
0
740
0
600
0
0
0
600
620
640
660
0
700
0
0
0
0
0
0
640
720
0
0
0
0
0
0
0
0
600
0
0
600
0
600
800
0
0
0
0
0
640
0
0
0
0
0
600
0
0
0
0
0
600
620
0
0
780
680
640
0
0
0
0
620
0
640
0
600
0
620
0
0
700
0
600
840
0
640
0
0
660
700
780
720
0
0
0
600
0
620
0
600
680
780
0
0
0
0
0
0
600
0
660
700
0
0
620
600
0
0
700
660
620
620
640
0
720
0
0
0
0
0
0
0
0
0
600
680
0
0
720
0
720
680
640
600
0
0
0
600
600
0
0
700
0
700
600
0
0
0
0
600
0
0
740
0
680
0
640
0
0
0
640
620
680
680
600
700
0
640
0
0
600
0
660
760
760
600
0
0
0
0
780
660
660
660
0
0
0
0
0
640
700
660
0
0
0
720
0
760
0
0
700
600
0
0
0
0
640
0
0
0
0
0
600
0
620
0
0
720
0
0
780
0
620
740
0
600
0
0
600
0
0
720
0
0
0
0
0
0
0
0
600
620
0
620
0
0
0
0
0
620
600
0
600
600
0
0
0
0
0
680
0
720
720
720
0
0
0
620
0
640
0
0
680
0
0
600
0
700
600
600
0
600
0
0
620
600
620
620
0
700
0
0
0
880
600
0
0
720
600
0
0
0
600
0
0
720
620
780
0
660
0
620
760
600
0
680
0
800
0
660
0
0
640
720
0
800
0
0
740
0
0
0
600
660
640
600
0
0
620
760
0
0
0
680
0
640
0
660
0
680
600
600
740
680
680
600
0
620
620
600
760
0
0
0
0
660
0
0
600
760
0
0
600
0
0
640
0
0
620
0
720
0
0
600
0
0
0
640
700
600
0
0
600
0
640
0
0
0
620
0
0
0
660
780
640
0
640
600
760
800
0
0
640
0
600
740
0
620
0
0
680
0
0
620
0
0
0
0
760
0
720
920
0
660
760
0
0
600
640
640
0
0
0
0
640
0
600
0
0
600
0
700
0
620
600
0
0
0
760
0
0
0
600
680
0
0
0
0
680
0
0
600
0
0
0
0
660
660
600
0
700
0
0
0
0
0
640
600
620
0
0
0
660
0
600
0
760
680
660
0
0
0
0
0
640
700
0
0
0
660
600
0
800
0
640
0
600
800
0
600
0
600
0
640
600
0
600
0
640
0
660
0
0
620
0
0
600
0
0
780
600
760
0
0
0
800
800
600
620
620
640
0
680
800
0
640
700
0
0
0
640
640
0
600
0
0
0
600
600
800
0
620
0
0
0
0
0
0
620
0
0
0
640
0
800
0
0
0
0
0
680
0
0
640
0
0
620
0
0
