0
0
600
600
0
0
0
350
0
600
400
0
600
400
0
600
0
600
350
400
0
350
0
0
400
600
0
600
500
0
300
600
0
0
0
0
600
600
600
0
0
0
250
600
0
600
600
0
600
600
600
0
600
600
600
150
0
600
600
600
600
0
600
0
600
250
600
600
600
0
600
600
600
600
600
0
600
600
0
600
600
0
600
600
250
600
0
600
600
600
0
600
200
450
400
600
300
0
0
350
0
600
450
0
600
600
600
250
600
600
600
0
450
0
600
0
600
600
0
600
600
0
0
0
0
600
600
600
600
600
0
600
600
600
250
400
0
0
600
0
0
0
600
450
600
450
0
600
0
600
0
600
600
0
600
0
0
0
200
0
0
600
0
200
0
600
0
0
0
0
150
0
150
0
600
0
600
600
600
600
450
600
350
0
600
0
0
0
200
50
500
250
600
600
150
0
0
0
600
500
600
600
600
0
0
600
600
0
0
0
0
100
350
600
600
600
600
600
200
600
600
250
0
600
600
600
600
0
600
0
350
600
600
0
600
300
200
400
600
600
600
0
600
600
0
0
0
600
400
450
600
250
600
0
600
600
0
200
600
600
600
0
150
0
600
0
0
600
200
500
600
0
0
600
600
0
0
600
600
600
600
600
0
600
600
0
600
600
200
600
300
0
300
600
600
0
600
200
0
0
600
600
0
600
600
600
400
0
600
600
0
600
600
0
0
0
600
600
600
0
0
300
550
600
600
0
600
600
600
600
0
600
0
0
0
400
600
600
0
600
0
600
0
600
600
0
0
600
0
600
450
0
0
600
600
600
0
600
0
300
200
0
600
0
350
600
0
600
0
600
0
600
600
600
0
600
600
0
600
0
600
600
600
600
600
0
600
600
0
600
600
400
600
50
0
600
0
0
600
600
0
0
250
0
600
600
600
0
600
300
0
0
0
600
600
0
0
350
600
0
0
0
0
600
600
0
0
350
600
500
100
600
0
600
0
600
0
600
600
600
600
0
600
250
600
200
0
600
600
600
600
600
600
600
600
600
600
0
600
600
600
0
600
600
600
600
350
0
0
600
0
600
0
0
600
0
600
0
600
600
0
600
0
0
200
0
0
600
0
600
300
0
0
600
600
0
0
600
500
600
0
0
0
600
600
600
600
300
600
0
600
0
0
600
600
600
250
0
600
600
600
600
0
0
600
500
0
600
600
0
0
550
200
600
0
600
300
600
600
600
600
0
600
0
0
600
350
600
0
0
600
600
0
600
200
600
600
600
600
0
0
0
0
0
250
0
0
600
0
0
600
200
600
600
600
600
600
300
600
600
0
0
0
600
50
350
600
600
0
600
600
450
600
600
600
600
600
600
600
600
