0
154
0
234
0
0
90
0
44
0
0
0
0
0
286
0
460
0
0
306
0
0
0
0
0
0
322
0
0
190
0
0
90
0
124
0
0
0
0
468
258
242
196
0
0
0
282
394
0
0
0
0
0
0
72
0
276
0
246
192
0
0
232
0
0
0
0
0
262
0
276
0
696
198
0
262
266
0
0
0
0
0
0
122
424
0
0
224
0
0
0
0
0
0
0
586
0
0
0
272
0
284
0
86
0
0
0
0
0
236
0
262
0
0
0
158
362
252
400
274
0
0
0
0
0
0
0
238
350
406
0
586
0
80
0
96
0
38
128
0
0
152
152
0
0
164
0
570
300
0
0
126
0
0
0
0
322
78
0
318
0
0
326
0
0
0
0
0
180
0
0
0
110
326
0
0
0
0
280
0
272
600
106
238
0
0
358
134
0
0
238
250
228
0
0
170
0
0
0
296
146
280
168
0
0
422
0
0
0
0
220
446
0
0
0
176
0
0
276
0
256
210
70
182
0
442
202
0
0
368
0
0
476
0
0
0
56
0
162
374
0
0
0
0
84
0
0
0
0
284
0
0
0
0
24
0
0
0
0
0
0
288
318
406
178
34
0
92
230
170
0
0
0
288
0
314
0
0
0
0
0
0
64
0
0
0
346
0
0
206
0
0
0
0
312
260
0
0
0
0
274
0
288
0
222
156
0
0
0
192
392
0
342
0
104
246
214
280
426
176
284
378
0
198
0
276
0
0
0
242
90
224
630
0
0
0
0
302
242
226
372
0
0
0
0
428
480
0
274
0
0
68
136
0
246
480
282
0
0
576
0
0
0
172
250
190
490
264
0
106
296
0
0
0
0
264
0
110
92
0
0
0
0
158
0
0
0
366
0
0
0
0
278
248
436
0
492
0
0
0
390
384
0
0
0
0
0
240
170
342
0
0
0
0
392
620
0
0
0
222
444
0
398
0
0
0
0
0
0
178
0
530
0
454
0
0
0
156
126
0
0
256
274
102
0
0
132
458
0
410
0
0
130
114
0
0
156
0
286
0
0
92
490
0
440
392
188
0
186
216
186
0
0
0
274
72
200
398
0
0
0
266
0
0
384
0
0
0
0
0
466
0
0
118
0
0
0
278
0
0
