524
396
452
348
212
140
604
288
304
420
308
96
28
0
348
0
0
304
0
244
444
232
388
264
196
180
364
392
508
344
324
180
324
292
292
236
340
368
152
616
260
292
392
264
416
0
336
216
168
244
348
460
432
212
344
304
412
20
432
344
496
240
348
0
164
232
320
252
484
296
236
172
252
496
148
340
380
492
312
324
0
336
260
432
336
132
356
520
264
172
368
496
316
120
0
288
132
392
376
208
236
248
72
316
264
272
0
344
616
240
124
228
392
356
384
412
216
300
176
88
324
412
76
392
360
488
172
360
480
164
120
176
60
304
368
332
292
352
400
284
444
468
616
80
212
128
608
600
344
424
484
0
240
340
492
468
212
212
180
308
228
428
320
236
348
396
452
444
224
152
416
244
176
0
288
428
432
200
0
384
184
424
304
372
400
608
0
224
132
224
0
488
364
548
0
520
296
236
228
236
224
168
108
184
284
432
140
476
172
336
556
164
136
240
264
0
104
260
188
576
376
232
404
412
312
492
612
92
300
460
296
112
448
28
208
116
396
180
352
412
348
436
364
304
120
380
368
324
260
376
200
384
300
276
444
408
240
100
352
212
212
336
104
32
340
308
488
436
132
444
336
472
268
184
328
212
436
284
424
468
412
228
448
340
304
340
560
376
0
528
436
332
428
572
576
484
344
0
412
464
396
352
160
0
280
412
68
372
400
600
100
500
224
272
168
320
184
384
100
524
428
300
336
324
216
400
264
380
140
460
560
456
228
388
500
372
316
320
252
112
52
504
360
272
0
212
416
444
544
296
360
0
104
420
332
460
360
184
308
52
100
328
0
264
16
280
124
536
388
192
268
288
508
88
344
348
344
616
204
356
488
220
292
248
308
260
276
408
332
244
368
0
296
208
308
456
452
500
260
200
324
172
504
380
372
256
532
84
124
276
228
0
348
0
612
472
480
0
128
492
228
276
300
320
204
512
600
248
132
324
92
280
332
84
392
496
360
600
380
296
360
124
612
264
392
100
112
560
404
336
204
208
272
296
396
348
372
344
304
240
276
212
132
320
512
424
248
320
168
260
392
532
232
432
436
224
32
448
208
168
600
0
444
516
0
436
520
464
388
140
148
260
244
320
600
476
420
368
132
0
400
412
448
572
436
428
264
316
568
148
420
0
324
420
0
296
400
408
0
524
576
412
216
476
576
0
316
224
0
100
352
184
96
336
196
320
292
8
272
84
284
204
424
212
372
72
0
268
260
264
204
216
312
240
388
280
324
372
156
256
604
0
340
412
248
212
320
80
324
284
336
92
228
464
232
180
468
300
308
260
328
124
148
420
168
272
216
460
300
600
460
432
212
268
316
376
328
460
608
360
456
376
392
24
348
200
200
120
600
68
304
176
