0
1142
1150
0
0
0
828
622
0
0
0
0
0
0
0
0
0
0
0
0
608
0
622
0
0
680
0
0
752
726
0
0
680
0
0
686
0
0
626
828
0
0
0
604
0
0
658
990
680
0
846
1166
0
0
0
0
0
0
868
0
716
792
868
0
0
604
0
0
0
0
752
1142
0
680
0
0
0
0
604
0
0
0
868
0
868
0
0
0
0
0
0
0
0
0
0
752
0
680
828
0
0
0
0
0
678
0
0
0
0
0
0
0
0
600
0
0
642
0
0
648
0
0
0
0
0
0
0
0
752
0
0
0
0
604
0
718
0
0
0
0
0
792
0
0
884
0
860
710
868
0
0
0
1096
838
0
600
0
604
0
0
0
0
0
0
0
720
814
0
0
632
0
0
0
0
0
720
0
0
0
0
0
868
656
0
0
0
0
0
0
0
0
0
1158
0
604
652
660
680
752
1162
0
644
0
0
0
872
0
792
0
0
0
0
1150
0
0
752
614
680
838
0
0
0
1150
0
720
0
0
0
706
868
0
0
730
822
0
0
0
680
0
720
982
0
0
680
0
0
0
872
0
0
838
1150
0
0
0
0
828
644
644
644
680
704
0
0
0
692
0
846
0
720
0
0
0
644
680
0
678
846
982
0
0
0
0
868
0
0
1000
840
0
614
678
784
656
644
604
704
868
0
828
0
678
0
0
656
846
684
650
0
1150
644
0
970
844
712
632
760
0
0
0
792
0
0
774
0
0
0
0
0
0
0
0
644
0
776
0
0
0
766
0
1150
0
718
0
0
0
0
780
0
828
734
0
0
0
868
0
0
0
0
0
0
0
864
0
0
0
0
0
0
0
0
792
0
0
0
734
716
868
1150
0
0
0
0
0
838
0
0
894
1166
658
0
0
0
732
0
0
0
0
868
604
680
0
0
862
828
0
0
868
0
0
0
792
720
1166
0
872
604
802
604
0
720
612
0
0
868
0
678
622
0
0
0
0
868
0
0
828
686
792
0
0
0
0
0
982
792
0
644
0
0
720
788
0
0
0
0
684
0
1150
0
0
0
664
604
0
0
0
776
0
0
0
720
910
804
644
0
820
0
0
0
644
868
982
0
828
664
0
0
680
0
828
0
1144
1078
0
720
752
0
0
0
686
0
0
0
0
0
752
792
868
0
0
0
0
0
0
868
0
0
638
0
0
0
644
0
0
0
0
0
600
0
0
0
0
868
0
0
0
752
0
0
0
0
868
970
0
0
0
902
0
0
0
0
752
0
600
0
720
868
752
0
0
0
0
678
0
0
982
0
0
0
792
0
0
0
0
0
0
680
0
0
0
752
792
0
0
644
0
720
0
0
0
630
0
0
0
664
0
0
0
0
0
644
