540
300
420
300
180
140
600
320
320
420
340
80
60
0
380
0
0
320
0
180
380
280
600
200
180
100
380
440
540
280
260
260
340
260
260
220
340
320
120
600
260
260
360
280
400
100
400
200
200
260
300
460
480
260
360
320
460
20
400
360
480
240
380
0
180
200
320
220
420
360
220
220
300
600
100
340
300
540
360
420
0
320
260
400
320
180
340
520
0
220
400
480
220
120
0
240
180
440
360
240
220
200
120
300
280
320
40
280
600
240
140
260
280
340
400
460
200
380
160
120
340
380
60
440
360
520
220
360
480
180
120
160
60
320
400
380
340
320
400
380
460
500
600
80
180
160
600
600
360
360
500
0
160
340
600
500
180
260
180
260
180
380
400
220
380
380
420
380
240
200
400
260
240
20
320
380
400
200
0
400
200
440
320
420
400
520
0
240
100
240
20
520
380
500
0
440
280
300
180
220
240
200
140
200
300
400
140
460
140
400
540
100
120
160
280
0
120
260
220
600
360
200
420
380
280
460
600
140
300
540
280
80
400
0
240
100
300
180
400
380
300
420
380
320
120
380
320
340
260
360
200
400
300
260
460
440
240
0
400
180
180
400
40
80
340
260
600
600
180
460
320
520
220
120
360
180
420
220
440
500
380
260
400
340
240
340
560
280
0
600
420
300
380
540
600
500
360
0
460
480
460
320
160
0
280
380
0
420
400
600
100
500
240
240
120
320
200
320
0
540
380
300
320
340
200
400
280
300
140
460
560
600
180
500
500
340
300
320
300
80
20
440
360
240
0
260
400
460
560
280
360
120
120
420
300
460
360
200
340
20
100
280
0
280
0
200
140
520
420
240
300
240
540
140
360
300
360
600
140
340
440
220
340
280
340
260
340
440
300
180
400
0
280
160
340
440
420
500
260
200
260
140
440
380
420
320
600
0
220
340
180
0
380
0
600
440
480
0
160
540
180
260
300
240
220
480
600
360
180
340
60
200
380
20
440
480
360
600
380
280
360
140
600
280
360
100
80
560
340
320
220
160
240
280
460
300
420
280
320
240
260
180
180
400
600
440
280
320
280
260
440
500
200
480
500
240
0
480
240
120
600
0
460
500
60
420
520
400
420
140
100
340
260
320
600
460
420
400
100
60
400
460
600
540
420
460
280
300
520
180
500
0
340
420
0
360
400
440
0
540
560
460
200
460
560
0
380
240
0
20
400
200
0
320
180
320
260
40
320
100
220
140
440
260
420
40
0
220
260
280
140
280
280
160
340
280
340
420
140
240
600
0
340
380
280
260
320
80
340
300
400
60
260
480
200
180
500
300
340
260
280
140
180
340
200
240
200
380
380
600
460
480
260
220
300
360
360
380
600
440
600
360
440
40
380
200
200
120
600
100
320
160
