600
180
380
240
0
140
540
280
340
420
340
140
60
0
420
0
0
340
0
80
300
420
620
120
120
0
400
540
540
240
100
360
360
0
180
200
300
220
80
560
260
180
320
300
380
0
520
220
240
280
200
600
600
400
380
380
520
20
360
380
460
240
420
0
200
160
320
180
340
480
200
320
360
600
0
380
160
600
420
580
0
260
260
320
300
280
320
520
0
280
280
460
0
120
0
220
200
500
340
280
220
20
260
280
300
380
160
200
600
280
120
340
140
280
420
520
180
520
140
160
360
300
0
500
360
560
320
320
440
200
120
180
100
460
440
600
400
280
440
500
440
540
500
80
200
200
500
360
380
280
520
0
60
340
600
600
180
320
220
200
120
280
500
200
340
360
460
340
380
260
380
240
400
160
360
320
360
160
0
600
180
600
380
480
0
460
0
300
0
300
180
560
400
440
0
340
300
420
0
200
260
240
220
220
280
360
140
400
100
520
520
0
100
0
300
0
180
260
260
600
340
160
440
340
240
420
600
160
300
600
260
40
340
0
280
120
180
180
420
340
240
400
320
300
120
380
260
360
260
300
160
420
300
240
480
480
240
0
460
140
0
440
0
120
340
160
600
600
240
480
300
600
0
0
480
140
400
140
460
540
340
300
340
340
0
340
520
160
0
600
400
260
320
500
600
600
380
0
480
500
540
280
160
0
280
380
0
520
400
600
0
600
260
0
60
280
260
240
0
560
280
260
300
360
180
400
300
200
140
500
600
600
0
620
460
260
280
320
320
40
0
320
360
240
0
320
380
520
600
260
360
180
140
380
180
420
400
100
380
0
140
260
0
300
0
0
160
500
500
260
340
0
600
200
380
240
380
600
60
320
380
220
400
320
420
260
460
480
260
100
440
0
180
100
380
420
380
500
260
200
140
100
360
380
480
400
600
0
340
460
80
0
420
0
600
360
440
0
200
600
120
280
340
140
240
440
600
540
280
320
0
100
440
0
500
340
400
600
380
260
360
160
340
300
320
100
0
560
260
340
240
100
200
260
540
240
520
240
300
200
160
100
340
580
600
460
320
320
420
260
500
460
160
580
580
260
0
560
320
0
600
0
480
480
100
320
520
320
460
120
0
480
280
320
600
440
420
440
0
40
400
600
600
500
400
600
340
280
460
220
600
0
360
460
0
440
400
480
0
560
540
560
180
560
540
0
600
260
80
0
500
340
0
300
120
320
220
160
420
160
140
0
460
320
520
0
0
160
260
300
60
400
240
20
240
280
360
520
120
220
600
0
340
340
360
360
280
40
360
320
240
0
600
500
160
180
540
300
380
260
260
160
220
240
240
200
140
200
600
600
460
540
320
160
240
340
440
240
600
600
