154
294
0
324
0
240
0
0
0
44
0
0
0
122
0
0
0
336
0
276
0
0
0
230
0
0
512
0
0
0
0
0
0
12
284
0
0
0
0
558
178
0
0
0
0
44
356
0
0
0
0
0
152
0
206
0
0
0
0
152
0
0
192
0
0
0
0
0
142
0
0
0
776
0
372
0
0
0
0
0
304
202
0
42
274
0
0
394
160
0
232
0
0
0
0
416
0
0
70
346
0
184
274
156
0
162
0
0
0
56
0
0
0
198
0
198
0
312
0
394
0
0
342
0
0
0
0
218
200
406
0
676
0
0
0
0
0
8
36
90
302
130
202
0
162
334
0
340
110
0
0
206
0
0
0
0
112
0
0
348
0
0
276
0
0
0
0
28
240
0
0
0
190
346
0
0
140
0
0
0
0
340
106
0
0
182
408
0
0
368
238
0
188
0
0
0
0
0
0
186
0
250
168
0
0
412
0
0
0
0
230
336
0
0
0
96
0
0
346
0
0
180
222
122
86
0
122
0
0
478
0
0
414
0
26
0
0
0
142
454
0
0
0
0
0
0
0
424
0
264
0
0
0
0
194
0
0
0
0
0
0
388
388
176
260
94
0
252
0
290
0
0
0
238
0
354
0
0
200
0
0
0
0
0
0
0
386
0
0
266
0
0
318
0
302
230
0
116
0
0
254
168
58
0
0
0
0
0
0
0
0
356
242
0
0
276
214
0
336
36
424
298
0
0
0
116
0
0
0
0
190
84
320
0
0
0
0
222
132
376
252
0
0
0
0
408
400
0
0
0
0
284
0
0
146
360
172
0
0
366
0
0
0
0
260
0
380
0
0
10
296
0
0
0
172
234
110
130
172
134
0
0
0
0
0
52
0
156
0
0
0
0
0
0
456
0
302
0
0
0
470
544
0
0
0
0
0
190
0
332
190
308
0
254
322
550
332
0
0
262
364
0
448
0
0
0
0
0
124
0
0
310
0
0
0
0
0
206
0
0
96
136
254
0
0
0
302
328
0
348
0
0
0
304
0
0
156
0
146
0
0
0
450
0
380
362
78
0
176
338
316
0
0
0
184
0
350
0
0
0
0
346
0
0
242
0
0
0
0
0
454
0
0
188
136
0
0
198
0
0
