600
600
600
0
0
0
600
600
0
600
600
0
0
0
600
0
0
0
0
0
600
250
600
0
0
0
0
600
600
0
0
0
400
0
0
0
0
350
0
600
200
0
0
0
550
0
600
50
0
600
0
600
600
0
600
350
600
0
600
450
600
600
600
0
0
0
600
0
0
0
100
600
0
600
0
0
0
600
450
600
0
600
600
600
600
0
0
600
0
0
600
600
0
0
0
150
0
600
600
150
0
50
0
300
600
350
0
250
600
0
0
200
250
400
600
600
0
0
0
0
0
0
0
0
450
600
0
600
600
0
0
0
0
0
600
600
0
0
600
600
600
600
600
0
0
0
600
600
600
450
600
0
0
600
600
600
0
200
0
600
0
0
600
0
600
600
600
0
0
0
600
200
0
0
600
600
600
0
0
600
0
600
350
600
600
0
0
0
0
150
0
600
600
600
0
600
250
300
0
600
600
50
0
0
600
600
0
600
0
0
0
0
600
0
0
0
0
0
600
600
450
600
600
600
600
600
600
0
600
600
0
0
600
0
0
0
300
0
600
600
600
600
600
600
0
600
350
600
0
0
0
600
300
200
600
0
600
0
600
0
0
600
0
0
600
600
600
600
0
600
600
600
0
0
600
0
600
600
600
600
0
0
600
600
0
600
600
0
0
600
600
600
600
600
600
600
600
0
600
600
600
350
0
0
600
600
0
600
600
600
0
600
150
0
0
600
0
350
0
600
600
300
600
600
0
550
250
300
0
600
600
600
0
600
600
0
0
350
0
600
0
600
450
150
0
0
550
600
600
250
450
0
0
600
300
600
450
0
0
0
0
600
600
600
0
0
0
600
600
150
600
0
600
0
600
0
600
600
0
600
600
0
600
250
600
200
600
600
0
0
600
0
250
0
400
600
0
600
0
0
200
0
600
600
0
0
600
0
100
600
0
0
600
0
600
0
600
0
600
600
0
0
300
600
100
600
600
450
0
400
0
50
600
0
600
600
600
600
600
0
450
0
600
600
450
0
0
600
600
350
0
0
0
0
600
600
600
600
600
0
600
0
0
600
600
600
0
350
600
600
600
600
0
600
600
150
0
600
0
0
600
0
600
600
0
600
600
600
600
0
0
600
200
600
600
600
600
600
0
0
600
600
600
600
600
600
250
300
600
600
600
0
400
600
0
450
600
600
0
600
600
600
0
600
0
0
600
0
0
0
0
0
0
350
0
350
0
0
600
0
600
0
600
0
600
0
0
0
0
0
0
600
0
0
600
250
600
600
0
150
600
0
0
600
600
0
350
0
600
0
0
0
600
600
0
0
600
300
600
0
600
0
0
600
0
600
0
500
600
600
0
600
200
0
600
600
600
500
600
600
600
450
600
0
600
0
0
0
600
0
0
0
