45
295
0
120
0
145
60
65
100
0
100
340
0
0
275
40
250
0
0
130
70
140
0
115
0
215
185
90
20
0
130
0
80
0
105
225
115
130
0
485
220
90
215
0
0
105
220
75
115
0
0
0
0
215
0
0
175
0
110
55
0
20
60
125
255
125
0
0
130
0
80
210
300
130
285
105
280
110
0
55
305
35
50
65
230
260
40
180
0
20
0
0
0
0
40
105
60
210
55
425
0
80
90
95
0
125
0
165
0
90
0
0
35
0
180
115
0
150
205
120
95
0
0
95
70
0
105
0
85
210
50
310
20
0
30
40
0
0
110
105
150
230
115
150
90
100
115
380
175
80
0
0
90
0
215
0
215
0
90
205
45
0
185
110
0
20
130
0
240
285
0
225
245
185
80
0
110
285
135
0
0
380
0
190
0
125
380
70
270
60
120
210
80
0
225
90
0
110
20
135
110
130
35
0
0
420
0
0
0
200
155
375
65
0
0
0
160
155
365
0
0
20
0
230
0
190
160
0
70
135
80
0
465
60
0
345
0
0
130
220
55
0
0
0
180
0
0
0
0
350
100
0
50
220
75
75
410
0
0
185
0
205
230
115
185
220
0
130
170
85
350
195
65
90
100
135
0
100
265
0
145
0
120
0
0
0
0
105
0
80
110
0
145
0
55
0
85
0
130
0
110
60
100
0
45
140
0
50
140
235
110
100
275
0
110
110
195
200
250
135
0
180
0
200
0
0
0
70
0
240
0
235
320
0
50
120
260
145
290
115
105
0
185
50
175
380
160
0
120
75
0
60
150
165
0
230
100
0
160
0
380
70
80
100
0
390
20
65
0
120
0
0
0
0
55
135
95
200
170
50
95
0
0
0
0
105
15
180
0
105
145
0
80
150
360
0
145
0
55
0
165
495
0
0
35
0
0
0
70
150
0
95
85
140
100
575
160
30
100
315
0
140
85
155
325
0
315
85
65
210
0
355
100
400
205
0
0
55
0
0
0
360
75
0
0
60
120
210
0
140
0
0
60
150
170
195
155
0
0
290
70
170
330
0
145
200
0
0
0
165
70
0
0
0
160
70
135
175
175
110
110
310
105
0
60
95
0
70
455
0
100
0
0
165
0
0
0
285
0
0
