600
0
600
600
0
200
0
600
600
600
0
0
500
300
0
0
0
0
600
0
0
0
0
0
400
0
0
0
0
600
600
0
600
0
0
0
600
0
150
0
0
600
600
600
600
100
600
0
600
300
600
0
600
0
0
600
600
0
350
350
0
0
600
0
100
250
150
0
600
0
600
600
600
0
0
0
600
600
0
0
600
600
600
600
0
0
0
0
0
0
0
600
200
250
100
0
300
50
600
350
0
450
350
600
0
600
0
600
600
600
0
200
0
600
0
0
600
600
0
600
600
600
400
600
0
600
0
600
0
600
0
600
0
0
350
400
100
0
600
600
600
600
0
50
0
600
0
600
0
600
0
0
600
600
600
600
600
0
0
0
0
0
600
600
600
400
600
0
600
250
600
0
0
600
600
0
250
600
0
0
150
0
250
0
0
600
600
600
0
250
600
0
0
0
450
0
0
0
0
200
0
600
600
0
600
600
200
0
600
600
600
500
600
0
600
600
600
600
600
600
250
0
600
600
0
0
0
0
200
200
0
0
600
600
600
600
200
300
600
0
600
0
0
600
600
600
600
0
600
150
250
600
600
0
0
600
0
600
600
600
600
0
50
0
600
0
0
0
300
0
600
0
600
0
0
0
600
0
600
600
0
600
600
0
0
0
600
600
300
600
0
0
0
600
600
0
600
0
0
600
0
600
600
600
0
0
0
0
600
0
600
600
0
250
600
0
600
600
0
0
600
600
150
600
600
600
0
0
0
0
0
600
600
600
600
0
0
600
600
0
0
0
600
0
600
0
0
600
0
0
0
600
600
600
600
0
0
350
600
600
0
600
0
0
0
0
400
600
200
600
600
0
0
0
0
600
600
0
200
600
600
0
600
550
0
600
0
0
600
600
600
0
0
600
600
0
0
600
600
600
600
0
600
0
600
600
0
0
0
600
600
600
0
0
600
0
600
0
0
0
600
0
0
600
400
0
0
0
600
400
300
600
0
0
0
0
0
600
600
0
600
0
0
150
600
600
0
600
600
600
600
350
0
350
0
600
0
0
0
0
600
0
0
600
600
0
600
0
0
0
0
600
600
0
600
600
0
600
600
600
0
0
0
0
100
600
600
350
600
600
400
600
600
600
600
0
600
0
0
500
600
0
600
0
0
400
0
600
0
0
0
0
0
400
600
600
450
0
600
600
600
400
0
0
600
100
0
600
600
0
600
600
300
600
600
600
0
600
0
0
600
0
600
600
0
0
450
600
600
0
500
0
0
250
200
0
500
0
600
250
0
0
0
0
0
600
600
600
600
0
0
200
600
0
350
0
0
600
600
600
350
600
0
100
600
0
600
600
0
0
400
250
600
600
600
600
600
400
600
0
