218
0
0
96
140
156
0
230
212
0
0
0
0
244
116
0
0
0
330
0
0
0
0
0
58
326
0
0
168
0
0
0
108
0
266
84
96
0
258
0
224
0
196
152
148
218
0
306
0
194
0
0
84
0
0
0
0
0
266
130
0
226
0
564
0
0
384
126
0
128
208
0
0
0
208
0
0
0
0
0
0
268
30
0
334
0
104
0
280
0
260
0
172
0
0
0
254
0
0
0
204
80
0
0
0
0
272
0
0
364
72
68
196
0
298
0
0
282
0
210
0
0
306
0
336
0
0
0
0
0
0
0
122
308
0
0
152
0
126
214
0
0
0
256
190
0
164
0
0
260
164
274
248
0
114
286
0
0
162
0
154
0
0
234
54
200
0
0
44
366
0
0
58
0
284
0
0
0
0
0
270
0
0
0
232
354
218
284
0
52
0
0
0
216
0
46
220
0
0
0
204
0
0
242
0
0
184
166
0
98
0
0
314
130
254
236
54
0
328
322
0
0
0
0
252
0
0
70
202
0
314
172
88
178
0
398
0
140
202
0
0
308
164
196
0
192
210
0
296
0
190
32
0
0
0
92
298
0
60
0
192
0
0
12
0
0
292
266
0
0
2
0
124
0
0
0
272
276
270
260
0
160
190
0
118
0
228
176
212
0
260
0
0
110
62
0
234
76
0
190
294
0
242
174
506
304
60
0
0
0
368
144
244
0
0
376
0
330
316
0
0
0
184
0
184
66
156
204
0
30
0
0
56
0
78
0
0
0
0
0
0
112
258
216
236
0
0
0
0
184
44
0
0
0
0
0
182
0
0
0
0
166
210
0
132
130
170
376
100
0
0
0
220
0
0
0
140
0
0
0
282
104
242
0
0
0
280
290
0
286
0
240
172
156
482
216
6
0
0
216
6
0
0
334
0
200
258
64
0
0
0
0
0
494
146
0
0
0
0
0
306
0
2
0
0
122
0
2
0
286
0
0
212
212
268
98
210
292
0
294
0
0
256
0
122
166
106
0
0
0
296
200
0
142
0
214
296
198
162
122
0
0
0
132
10
0
0
290
272
0
298
200
0
0
0
182
36
116
162
344
140
0
0
122
0
202
260
182
78
258
0
96
0
0
108
0
0
0
320
192
