0
0
400
0
225
0
700
0
0
300
0
150
0
0
0
0
275
175
0
200
0
0
0
150
0
150
0
300
0
100
250
400
150
0
0
0
75
25
0
275
0
200
0
250
0
0
0
0
275
0
300
400
225
250
125
475
550
250
125
0
75
0
0
0
0
0
0
75
0
0
0
400
0
0
0
0
225
0
0
0
125
0
275
0
0
825
0
325
0
375
0
325
0
0
400
200
0
0
0
0
225
0
375
500
0
425
0
0
325
0
0
425
0
450
0
225
0
0
0
125
125
0
0
75
0
175
0
125
300
0
275
0
0
0
350
350
0
250
0
225
0
100
0
100
0
250
0
0
0
0
250
0
0
0
0
0
575
0
250
325
0
275
325
50
75
125
325
75
0
0
350
0
0
375
0
300
0
0
0
0
0
0
0
0
0
0
150
0
0
0
0
275
0
0
0
0
0
0
150
0
0
0
225
75
475
150
0
0
275
225
325
0
0
0
0
0
0
0
0
0
0
0
0
0
0
0
0
150
0
0
0
0
0
0
200
0
0
225
125
250
0
0
0
175
275
0
100
0
0
400
0
475
0
725
0
0
0
350
0
0
0
325
450
275
75
300
0
0
0
0
0
0
0
0
0
0
100
75
0
0
325
0
50
250
325
375
0
0
0
0
0
200
0
0
0
300
0
0
0
0
0
0
0
0
0
0
0
0
100
200
0
200
0
0
0
0
0
0
0
0
0
0
0
150
450
0
0
0
0
0
0
0
200
0
0
0
0
150
125
125
0
0
0
275
0
0
0
125
550
0
175
0
475
0
450
400
350
100
500
0
500
0
0
500
0
100
0
0
0
400
0
325
0
0
550
0
0
500
375
600
0
150
50
225
0
0
0
0
0
325
200
75
225
0
0
0
275
0
0
0
0
150
250
0
475
0
0
250
400
0
0
150
175
25
0
0
150
0
200
0
0
0
0
0
0
0
0
300
0
0
50
0
75
0
0
0
0
0
425
0
0
300
75
200
0
0
175
0
350
0
0
0
150
225
200
0
0
0
0
0
200
300
0
200
0
175
0
0
0
350
0
0
150
0
0
0
0
75
0
200
0
0
225
0
0
0
0
350
175
0
0
50
0
0
0
75
400
200
0
125
