160
180
180
0
150
140
200
0
60
180
60
80
90
180
60
140
50
90
140
140
0
100
120
60
80
80
260
40
0
140
60
220
140
0
0
60
170
210
0
50
140
60
110
80
130
130
0
0
210
210
180
0
10
40
230
0
240
140
150
50
110
0
190
130
140
0
230
70
80
100
140
0
160
0
170
0
30
30
0
140
0
130
110
120
290
70
90
30
200
150
190
50
90
0
140
0
60
50
160
0
70
0
90
220
0
130
0
120
10
100
70
30
140
0
110
150
110
120
180
130
90
80
0
150
0
130
100
0
180
160
210
210
0
200
180
240
100
160
0
210
0
100
120
0
0
140
80
160
0
150
220
240
60
20
80
0
30
300
60
30
70
230
150
100
0
130
170
90
140
200
200
0
220
230
0
0
130
90
110
130
210
140
0
150
140
0
120
250
0
130
130
170
50
0
0
170
150
0
0
130
100
0
110
110
0
0
170
110
110
150
190
190
80
120
90
140
110
120
270
40
150
80
120
160
100
190
150
100
50
240
0
140
110
120
140
280
50
50
210
40
130
0
160
110
190
90
100
0
220
220
110
230
0
230
180
40
210
100
160
100
110
190
0
170
90
260
80
120
290
0
110
240
60
0
0
190
140
70
220
160
130
0
180
0
50
210
220
80
270
0
0
100
110
40
250
120
170
0
130
120
120
140
130
90
0
190
130
90
100
0
200
180
0
190
130
0
80
130
0
130
60
120
70
0
240
210
140
0
0
80
320
210
140
140
60
300
80
120
0
0
10
60
0
130
80
110
160
130
40
0
190
50
90
280
220
280
180
0
160
140
0
180
0
0
70
140
160
170
80
200
0
170
210
0
240
170
30
0
110
40
180
0
140
170
0
230
50
270
170
110
140
110
50
190
360
100
150
0
190
160
0
100
160
250
70
190
160
100
200
120
130
160
110
150
0
0
180
150
20
30
170
70
140
50
0
170
0
40
120
50
180
150
110
0
190
100
70
180
250
160
0
0
0
0
30
210
170
10
60
230
270
80
180
210
120
160
190
20
100
60
100
220
190
160
0
0
150
190
0
0
0
80
100
0
150
100
120
50
70
120
110
0
190
100
80
0
100
140
90
120
140
140
60
100
70
90
280
120
220
110
