0
600
0
0
0
244
456
88
0
260
668
424
0
180
188
0
432
452
0
184
640
336
644
156
196
616
644
0
348
292
0
600
0
372
664
664
0
432
268
624
316
312
132
0
408
456
460
664
0
120
372
612
376
392
624
284
0
320
300
0
616
628
36
464
0
188
644
196
264
600
116
0
0
660
444
608
612
0
668
620
0
388
612
0
304
336
632
672
236
620
628
0
388
0
404
620
388
544
0
404
0
0
44
0
632
612
56
372
676
272
636
308
456
336
332
0
0
0
376
0
408
0
0
0
120
0
36
0
676
0
200
0
0
660
604
204
496
96
156
0
556
0
612
0
600
120
616
600
608
532
424
0
320
0
384
532
36
4
0
612
488
600
284
416
604
264
560
644
384
0
420
452
604
0
0
392
452
0
396
600
632
600
452
316
604
304
0
616
16
0
272
388
608
188
0
620
16
612
644
612
648
44
12
604
188
0
276
600
0
0
0
4
0
292
0
0
0
212
0
608
492
624
0
360
660
604
604
416
616
0
612
388
0
0
304
0
400
228
0
664
0
476
616
396
0
316
604
672
632
632
0
628
88
0
248
0
640
0
196
0
244
108
444
268
0
628
628
348
112
600
0
620
0
644
664
592
0
616
0
188
288
172
436
616
640
652
672
0
128
612
656
600
604
320
0
224
32
432
604
616
528
280
0
0
600
628
344
540
640
600
0
0
604
320
0
188
468
296
476
600
0
0
608
668
0
0
608
368
640
612
0
636
0
0
304
612
236
0
356
640
648
408
0
624
156
616
384
660
668
604
488
0
0
0
640
632
268
620
0
112
604
76
656
668
0
0
0
632
504
404
268
256
600
324
628
0
148
600
612
136
556
564
0
0
404
0
604
296
0
0
0
248
620
296
0
0
600
0
0
0
0
612
348
0
368
224
600
228
420
28
64
304
620
0
656
620
0
0
608
672
88
0
624
304
600
604
364
0
0
220
0
0
352
156
676
400
640
660
0
640
600
636
616
104
0
0
340
600
0
252
76
0
456
0
628
116
164
620
624
288
0
396
424
0
0
204
252
368
280
256
632
616
200
152
156
0
616
624
0
256
604
0
636
600
88
352
0
308
0
0
124
88
0
108
304
616
620
376
560
0
0
32
260
604
124
240
72
228
604
408
280
204
388
340
0
0
244
600
0
0
32
236
660
636
0
0
604
0
0
0
636
240
0
0
0
0
600
0
620
0
624
220
224
0
616
676
164
0
0
80
632
616
0
612
644
408
636
616
0
136
672
152
16
620
180
212
0
292
0
212
612
300
0
656
212
0
608
0
292
0
124
0
156
616
0
296
0
444
624
624
340
580
0
296
0
0
600
204
660
604
