0
0
0
0
0
0
0
480
0
0
0
0
0
0
50
0
0
0
0
0
430
0
0
0
0
0
0
240
430
0
0
0
0
430
0
0
0
0
460
0
0
390
0
0
0
0
0
440
0
0
0
460
230
390
0
410
0
0
0
250
0
0
0
0
0
490
0
0
0
0
0
0
0
470
0
540
0
460
540
0
150
200
420
0
0
0
0
370
0
0
0
0
0
0
390
440
340
440
0
0
450
0
0
0
0
0
370
0
290
0
0
440
0
280
0
0
0
0
0
0
0
0
470
0
310
0
0
320
0
0
0
0
260
0
360
0
0
0
420
0
0
0
0
490
410
0
430
0
0
0
0
0
0
420
390
0
0
0
0
0
0
0
0
0
510
0
0
0
0
0
0
220
0
0
470
470
0
0
0
340
0
0
440
0
200
370
0
0
0
0
0
0
380
490
0
0
0
530
0
0
0
0
0
0
450
0
0
390
380
0
0
0
0
0
410
0
0
0
0
0
0
0
0
0
0
0
0
0
410
0
470
0
0
0
0
0
0
0
0
0
0
470
0
110
0
430
360
0
0
0
0
0
490
0
0
0
0
0
380
0
0
0
480
0
0
0
0
0
0
0
0
0
370
0
0
0
0
340
0
0
0
250
0
440
0
0
0
280
0
0
0
360
0
0
0
0
0
0
0
380
0
0
0
0
0
90
0
0
0
0
0
0
0
0
0
410
300
0
420
0
0
0
390
0
0
0
340
480
0
0
0
0
0
0
400
0
0
240
40
500
0
0
0
0
0
0
0
0
0
450
0
0
0
0
0
0
0
480
0
0
0
0
440
520
390
0
0
0
340
0
280
0
0
290
0
0
500
530
0
0
0
0
0
0
460
0
450
0
0
310
0
390
0
0
0
420
0
450
0
0
0
0
0
0
0
0
0
0
0
0
0
0
430
0
0
0
0
0
440
0
0
0
0
0
0
0
0
0
0
0
280
0
0
240
0
0
350
0
0
0
0
500
0
370
0
0
0
0
310
0
0
370
0
0
0
320
0
390
0
0
0
0
0
0
0
0
0
0
0
0
480
330
0
490
0
0
0
0
0
0
430
0
0
0
430
500
420
0
0
440
0
0
100
0
320
0
0
0
0
170
