114
70
90
95
121
107
70
129
118
94
131
98
107
82
127
128
130
110
124
102
124
101
104
107
122
125
20
126
98
111
114
67
112
113
102
92
114
81
113
81
104
122
106
129
105
94
95
99
84
63
88
133
131
123
75
107
22
106
113
129
124
103
105
79
73
126
71
137
87
126
91
92
181
122
67
62
123
123
87
97
138
113
104
102
1
100
113
96
85
81
111
125
137
112
96
124
112
129
111
115
137
58
128
90
125
125
75
120
120
105
89
134
119
116
118
110
88
94
108
119
100
94
113
107
117
89
91
129
55
70
59
11
107
109
110
85
88
92
110
86
74
105
74
132
47
104
126
90
86
119
77
13
123
137
119
17
107
4
137
117
135
81
114
128
121
117
92
117
84
20
88
126
78
82
134
104
106
103
86
111
24
64
29
88
117
122
98
55
97
122
102
72
101
120
77
100
111
5135
117
104
115
126
132
131
117
63
93
107
126
110
93
63
128
108
104
120
100
97
65
121
110
112
122
102
117
86
111
104
128
57
108
114
100
119
113
39
131
124
65
128
72
137
108
118
88
116
124
35
85
61
109
77
108
42
58
66
69
111
83
109
101
104
120
92
116
50
108
104
25
92
103
60
132
9
69
107
124
103
63
92
98
110
89
125
129
90
75
128
60
110
123
117
84
126
31
71
104
116
99
100
112
113
108
107
81
95
106
130
130
113
94
97
90
99
115
122
116
107
70
85
119
61
123
119
74
88
94
95
119
122
42
60
106
96
126
0
77
82
129
128
74
118
91
123
121
106
108
95
121
127
78
122
121
44
94
50
92
135
66
124
123
84
132
114
121
100
102
105
125
71
83
115
79
109
67
65
112
121
89
133
82
89
113
71
117
81
130
35
94
98
101
127
127
77
0
89
99
97
93
104
122
126
110
14
99
89
93
110
107
91
111
90
123
97
122
96
56
115
121
109
102
129
86
114
3
80
106
106
89
117
111
69
121
95
39
105
112
107
63
106
116
104
131
120
124
96
97
110
97
29
50
120
85
78
131
86
58
119
132
119
123
45
40
110
87
79
106
106
102
97
103
116
90
85
62
122
80
124
101
90
117
53
95
125
114
136
107
120
128
126
61
107
117
92
90
128
59
108
54
130
