0
630
210
200
600
290
160
360
240
0
280
290
110
370
460
300
640
160
240
140
600
280
220
170
210
210
300
0
370
640
40
0
530
620
630
290
0
200
280
350
600
210
300
240
160
100
410
600
0
330
130
340
0
440
0
190
200
0
230
240
0
640
300
630
240
600
600
80
240
340
230
80
250
80
300
420
140
0
620
0
0
430
630
360
170
320
370
130
260
300
160
210
0
190
180
0
480
0
630
300
360
0
190
320
350
450
190
0
0
0
340
350
250
630
270
340
0
140
0
0
0
610
190
0
610
360
200
320
610
300
450
420
0
0
360
250
420
120
300
320
180
610
0
280
380
250
600
420
630
330
620
240
0
610
180
600
610
620
270
260
460
220
290
470
0
280
220
640
190
430
480
630
400
280
0
350
590
300
150
380
220
260
0
600
340
570
200
410
410
460
360
340
0
0
250
280
380
260
290
280
210
610
40
250
600
0
440
0
600
630
0
340
610
400
0
0
0
280
350
0
170
410
600
0
420
60
630
520
100
290
0
140
120
450
200
440
250
270
500
200
0
0
0
50
360
0
520
330
390
0
280
270
260
130
450
0
0
380
160
0
0
360
550
590
0
610
600
0
410
340
420
370
600
20
70
360
600
320
0
0
50
170
190
0
0
140
0
220
340
0
240
0
280
350
480
200
340
400
290
640
0
180
620
0
0
250
0
0
610
340
610
0
0
420
640
400
0
220
0
600
640
280
190
80
0
110
390
150
0
0
110
0
260
40
370
350
160
0
600
0
620
420
280
0
270
370
440
630
400
80
290
600
380
270
170
0
250
410
80
260
260
270
0
390
220
640
210
460
600
260
300
320
370
0
640
0
330
100
360
230
280
0
160
380
180
90
0
0
610
0
0
270
550
410
370
630
180
170
190
30
400
490
330
80
360
0
600
370
0
330
510
0
600
0
0
0
290
270
390
610
640
630
600
340
0
0
0
60
0
80
350
0
250
130
640
80
0
620
60
330
220
640
120
220
110
420
610
0
200
320
0
220
0
390
570
240
620
380
0
0
280
620
110
0
180
110
260
0
280
190
270
0
410
610
0
530
550
240
300
470
640
250
0
620
410
380
600
610
180
30
220
330
630
60
610
610
0
0
60
150
620
630
640
620
0
300
430
190
0
420
60
630
610
250
0
140
430
630
310
450
60
610
370
0
200
90
290
0
190
600
640
340
330
0
550
220
370
600
0
380
0
320
430
630
610
200
230
0
630
620
300
250
0
450
0
220
220
190
170
410
260
420
600
410
410
620
640
150
500
160
320
510
600
0
310
0
220
110
390
0
460
0
470
220
380
340
240
0
620
0
180
180
260
300
0
0
610
340
0
180
