600
0
616
616
244
16
0
168
0
600
548
0
620
360
288
128
0
632
60
484
0
284
204
100
284
616
616
532
388
292
0
600
0
188
112
0
628
620
612
52
336
192
208
640
0
524
372
144
292
120
472
284
636
432
624
32
376
320
600
620
616
120
624
0
72
200
604
196
660
0
648
476
424
660
604
0
616
612
0
620
480
612
628
372
216
0
340
672
256
616
368
564
148
604
404
620
0
544
0
628
0
252
324
0
284
392
96
380
616
508
204
160
676
336
604
0
284
652
376
624
172
8
0
0
0
280
240
632
620
616
0
600
636
600
604
356
204
96
448
228
288
0
612
0
480
108
188
312
268
636
0
0
524
0
632
620
28
328
412
276
0
632
276
192
612
612
0
0
0
0
400
0
152
76
600
0
604
96
404
660
216
620
300
0
604
224
0
556
0
128
0
276
608
176
0
408
0
0
272
488
436
604
472
0
0
620
624
616
0
72
0
204
204
292
572
268
656
644
80
608
492
260
228
676
16
644
624
0
616
312
188
56
644
0
388
0
228
632
96
604
600
0
616
600
0
628
0
624
148
632
296
628
420
0
628
668
388
0
600
604
256
112
76
0
676
0
0
644
0
612
384
268
0
604
604
292
0
616
600
616
636
608
612
656
640
476
0
616
128
640
388
0
408
600
412
224
176
0
64
216
608
376
0
664
664
468
276
420
600
600
0
0
620
0
88
324
628
196
476
368
0
0
528
660
616
0
396
616
620
376
540
624
0
384
164
420
636
496
0
608
0
392
0
624
604
0
0
200
284
612
396
0
0
600
640
632
0
92
0
232
16
0
656
328
0
0
0
648
636
492
180
240
452
324
0
620
620
476
412
116
628
632
612
80
404
0
604
612
0
604
652
248
116
0
0
620
608
408
660
488
0
0
228
604
612
256
600
0
428
0
0
0
600
368
604
448
0
0
664
0
88
0
84
304
600
0
0
0
600
408
80
628
168
128
0
400
340
600
624
640
668
0
636
256
648
196
0
664
600
392
376
0
456
408
216
608
104
120
600
288
664
104
504
612
612
608
292
172
204
632
640
604
172
152
424
176
136
612
356
316
0
0
0
0
0
0
0
308
108
596
404
156
0
648
620
624
620
376
560
484
0
436
220
624
124
632
72
316
624
0
528
0
0
620
352
600
628
0
160
388
640
636
0
636
660
0
220
644
616
0
0
356
0
604
0
408
592
0
620
604
612
340
600
0
312
676
164
612
0
0
656
636
668
652
0
272
636
272
396
0
616
0
0
0
180
0
0
348
0
0
616
420
0
632
172
328
256
340
448
548
316
460
0
616
0
296
656
416
0
636
640
472
276
668
628
604
600
424
608
608
660
0
600
0
144
620
304
220
188
212
0
