218
0
258
0
230
218
240
0
0
282
0
0
142
278
94
212
0
0
230
0
0
0
132
0
124
276
0
158
0
150
0
300
256
0
0
0
286
276
0
0
244
2
0
182
68
270
0
0
220
0
270
0
84
36
282
0
328
92
160
0
0
0
222
0
0
14
346
0
0
234
0
0
0
0
282
0
0
60
0
64
0
258
236
0
364
0
196
0
300
194
260
0
172
0
232
0
8
0
234
0
0
0
0
260
0
198
0
0
18
0
0
84
196
0
204
234
0
0
154
212
0
0
0
266
198
0
198
0
164
0
270
0
84
308
252
270
152
0
0
320
0
0
0
0
0
278
120
234
0
260
260
274
0
0
0
0
0
342
162
0
142
0
230
166
0
200
212
0
86
346
266
0
4
320
0
0
240
0
0
0
286
0
0
272
232
0
244
268
0
244
0
244
0
0
0
180
280
0
0
274
246
0
0
290
0
0
126
196
0
70
290
248
130
224
70
0
80
226
372
0
224
0
0
0
252
0
52
0
26
142
0
120
78
72
252
368
196
120
318
0
110
0
164
0
258
182
210
0
296
300
126
256
0
0
96
0
298
0
262
0
82
236
0
200
82
330
484
266
330
0
32
300
226
0
0
360
272
70
270
230
0
0
258
0
138
296
312
182
296
0
0
0
0
0
118
0
270
76
0
250
198
198
0
0
0
298
60
0
172
0
282
318
0
0
30
0
0
0
0
154
0
0
0
0
258
294
146
0
0
0
354
0
194
0
86
330
0
0
0
0
0
162
0
246
0
0
242
220
0
0
216
0
0
302
284
358
206
0
174
0
0
166
206
0
0
130
0
284
144
302
0
270
220
0
308
192
10
0
240
12
278
104
238
0
0
302
0
300
144
256
188
240
172
244
416
132
278
0
290
216
0
0
214
264
0
244
304
220
284
0
42
142
0
0
0
0
314
236
0
0
112
26
0
0
0
172
0
2
188
0
154
0
0
0
338
110
326
272
356
256
0
0
0
0
26
244
240
0
0
278
296
190
170
196
58
282
272
12
238
0
0
0
0
204
0
0
202
290
0
0
0
0
0
0
0
220
0
92
0
98
200
0
258
18
0
0
236
218
88
222
54
0
0
0
8
278
310
250
104
68
