248
102
0
230
110
196
0
120
192
0
82
0
0
214
266
0
146
204
140
64
0
0
252
0
54
376
510
0
0
0
0
0
0
0
276
254
260
0
258
0
288
124
196
0
208
0
338
406
0
0
0
0
0
144
198
0
0
0
206
122
0
0
228
184
212
0
284
0
0
0
308
0
138
0
208
168
0
0
50
0
0
0
0
262
474
0
214
0
200
0
280
168
0
0
0
150
84
22
220
290
0
106
0
0
152
0
0
0
0
434
0
0
66
0
498
0
180
202
198
420
0
0
206
0
66
0
126
188
0
266
40
526
0
208
0
0
92
0
86
74
0
120
168
0
0
0
0
186
122
230
0
436
158
0
168
336
0
162
0
108
0
0
0
0
114
0
0
108
264
386
0
0
210
0
154
0
114
118
0
0
310
306
0
0
0
374
108
354
0
0
72
92
212
276
296
86
0
56
0
0
54
164
0
122
0
268
44
246
0
188
0
110
174
40
0
196
134
0
558
132
114
234
338
56
0
238
268
90
62
252
294
164
338
98
0
578
164
0
232
50
0
458
114
0
132
0
76
0
182
0
170
0
0
0
112
0
380
0
0
0
0
0
0
66
114
0
252
0
160
328
152
0
0
332
182
124
330
0
140
0
0
40
160
0
0
0
398
276
0
0
124
0
0
110
304
0
0
0
0
0
484
0
182
0
446
284
0
6
0
0
428
230
324
0
110
606
128
310
366
96
350
380
0
0
0
0
0
44
154
142
334
0
196
0
0
0
0
0
0
176
0
152
308
0
296
192
170
176
0
244
0
0
0
0
76
0
142
0
0
282
0
226
0
0
0
254
288
446
120
0
46
0
110
0
0
0
0
0
0
0
262
0
92
0
0
0
150
280
108
0
0
0
0
136
792
0
0
0
0
84
336
124
0
384
0
166
318
112
0
0
0
0
0
244
258
400
0
0
72
0
436
0
334
0
0
0
0
0
0
186
0
208
0
232
258
238
0
262
0
0
0
0
218
0
0
0
130
186
0
190
276
300
0
0
0
262
316
0
172
172
0
0
290
0
10
0
148
290
222
0
438
106
0
0
0
170
166
176
0
0
0
168
0
122
0
192
140
82
198
78
276
0
0
122
158
0
0
160
250
82
