114
98
120
75
141
119
78
103
102
90
139
98
107
104
107
128
130
110
106
94
92
103
100
111
120
109
20
118
124
109
118
111
110
115
82
76
110
113
69
77
98
122
102
131
115
98
47
59
110
63
120
133
127
121
101
113
103
112
111
117
124
109
107
103
71
126
81
129
75
122
105
118
83
130
117
138
119
109
81
107
130
113
130
118
1
106
87
96
69
125
105
113
137
112
140
108
102
129
99
73
121
74
142
124
73
51
91
80
118
63
95
134
115
116
66
110
92
72
124
111
106
86
73
111
127
97
111
109
63
76
103
0
75
109
138
123
88
112
68
122
74
105
82
106
51
118
118
122
114
123
119
13
103
129
95
1
115
114
137
117
127
135
78
126
107
105
120
101
88
12
124
98
94
102
58
104
108
91
70
107
22
64
109
108
117
98
114
55
127
138
78
108
79
92
61
92
123
10
103
102
103
90
132
127
117
63
107
107
130
130
129
99
88
98
116
94
98
125
69
103
110
92
120
128
119
126
99
114
108
109
36
94
64
123
125
45
117
118
133
118
128
69
102
116
114
108
124
60
85
89
101
129
74
102
70
54
69
135
135
93
109
140
104
112
116
82
88
104
137
16
109
134
92
5
115
89
120
97
63
100
126
100
97
125
121
114
71
106
66
120
109
123
88
84
95
115
120
118
101
98
84
133
98
97
79
99
106
92
118
113
52
44
94
123
91
-1
104
87
21
61
133
43
115
115
122
128
96
83
63
114
60
120
114
132
124
86
77
118
125
128
74
102
97
137
105
130
116
101
125
113
104
106
151
88
140
130
132
117
110
82
127
92
116
106
109
100
90
105
121
127
97
143
83
95
103
105
106
125
91
113
94
89
115
103
57
15
106
49
120
140
113
127
127
107
0
101
97
97
69
104
82
126
150
66
119
109
45
104
117
103
131
98
119
89
94
76
64
127
115
41
92
97
82
108
11
72
106
110
117
93
109
89
67
91
121
91
96
113
113
122
118
104
111
120
104
112
103
88
93
61
50
110
89
96
133
76
20
77
96
89
115
103
52
124
87
99
110
106
56
97
13
82
90
89
82
126
110
96
75
124
111
107
123
107
126
136
75
136
116
134
97
107
111
76
72
104
115
112
54
138
