0
445
180
100
190
155
190
0
0
150
140
0
165
0
0
150
0
0
85
150
110
50
0
155
150
135
0
70
150
0
140
425
100
55
0
55
55
50
0
0
0
260
0
140
0
0
80
0
185
0
300
235
250
105
140
375
115
0
130
0
0
170
80
75
0
125
70
0
110
170
150
170
0
210
0
225
260
10
310
75
0
35
110
55
0
270
120
180
130
250
0
315
150
450
160
95
235
170
0
0
200
110
130
95
0
65
40
105
275
0
20
300
0
310
0
135
0
0
295
40
115
0
0
75
90
110
35
0
225
0
110
0
95
0
100
270
170
295
0
65
50
0
0
90
80
120
155
0
0
0
135
0
150
355
55
0
75
200
140
325
75
215
145
40
110
105
200
0
0
0
305
0
0
195
0
220
130
0
0
115
0
0
90
265
0
65
120
0
0
170
0
290
170
30
0
70
140
70
125
175
60
0
125
100
385
130
150
0
115
0
315
395
0
115
165
180
110
135
0
105
0
85
0
0
180
130
0
100
60
0
30
0
0
70
170
0
0
160
70
170
95
0
50
0
150
0
105
365
0
0
120
385
0
470
0
0
0
250
205
165
150
395
130
225
0
390
0
120
330
0
240
385
115
0
120
65
0
40
0
0
135
0
120
170
275
120
0
45
0
0
40
0
95
100
95
0
115
0
130
55
110
200
110
180
40
0
0
0
110
95
70
60
0
0
180
0
35
0
0
215
70
0
105
0
225
360
95
140
0
0
0
365
170
190
70
100
0
80
130
265
225
0
55
170
25
0
140
0
210
0
0
160
220
255
150
170
130
85
180
80
390
90
40
150
120
0
180
0
80
320
65
260
0
70
0
355
115
330
150
110
0
0
0
145
0
0
85
0
0
135
185
0
230
160
0
145
125
360
0
55
85
145
230
60
305
50
55
0
200
50
235
105
185
0
60
0
0
110
150
35
0
100
135
105
75
0
0
165
115
0
0
0
120
0
5
0
20
0
435
0
75
230
95
215
0
0
100
60
225
100
0
65
120
140
0
0
0
0
125
70
100
250
0
130
205
140
220
0
0
65
0
0
0
345
180
80
225
185
45
0
130
310
65
40
140
135
65
120
0
0
60
0
0
135
0
0
300
180
0
75
