156
620
0
0
652
444
600
352
288
260
272
240
72
20
632
0
608
148
320
156
616
116
604
408
456
100
604
0
252
368
608
0
508
392
428
212
0
0
0
604
304
528
292
0
640
0
328
644
288
200
388
616
0
188
0
456
404
0
0
0
452
628
164
364
488
80
192
324
240
328
40
84
56
132
56
616
0
0
504
0
0
352
80
268
124
324
200
0
244
0
432
196
288
96
76
0
248
196
600
116
332
68
156
472
0
248
0
280
416
432
316
600
284
604
124
616
196
0
244
0
228
612
384
0
168
0
40
0
480
0
360
144
0
0
316
164
556
464
312
472
620
620
0
136
0
20
624
408
612
0
644
0
64
352
124
604
368
8
48
624
264
668
244
368
152
172
616
604
184
312
360
512
268
284
160
608
252
224
136
156
0
620
360
296
552
636
600
204
204
252
0
264
0
324
328
668
376
312
148
292
144
152
168
192
620
116
0
556
108
668
244
136
236
168
8
212
200
0
180
152
68
240
452
0
372
0
172
276
0
368
216
324
0
384
92
348
472
0
496
260
0
324
300
0
284
256
668
376
252
132
244
464
0
384
0
0
600
24
476
0
224
148
384
308
0
660
644
0
248
224
356
620
384
0
72
268
620
400
0
48
0
0
412
0
360
164
608
0
292
324
472
292
32
0
0
636
604
200
604
648
132
284
608
0
0
312
244
604
600
620
216
424
0
632
408
628
0
404
0
620
616
244
172
0
0
304
124
76
0
444
280
0
396
296
608
260
0
204
536
432
648
228
440
0
52
204
452
600
624
68
324
144
404
152
0
352
308
168
400
268
332
544
0
192
252
544
600
496
0
148
480
400
0
36
612
0
36
636
0
600
396
0
0
380
264
312
0
144
608
0
0
252
324
484
656
248
108
432
140
0
656
440
332
24
268
124
404
544
192
424
448
316
604
0
0
272
648
280
140
464
572
616
644
156
152
604
620
96
0
52
460
0
408
272
600
480
620
600
0
184
452
316
164
124
0
188
360
184
0
268
124
148
0
352
344
136
396
616
140
172
0
456
0
0
0
620
0
508
516
176
512
0
428
568
116
404
244
172
0
84
632
500
600
544
0
612
600
272
600
0
156
4
640
0
444
616
600
0
0
116
664
0
640
0
516
188
288
648
436
328
172
204
608
380
0
0
304
280
280
292
0
0
384
44
0
0
664
0
0
640
616
0
220
388
544
604
408
480
0
0
124
220
404
620
448
0
148
0
664
648
100
0
0
0
484
208
344
324
0
376
648
324
612
628
220
160
356
112
604
616
0
440
452
88
188
192
244
320
272
132
404
200
312
372
440
364
0
244
604
140
400
288
8
148
24
0
0
396
232
0
480
484
0
100
256
0
0
80
656
40
308
