0
278
212
0
160
74
284
0
0
232
64
136
98
16
0
68
334
126
64
196
100
0
84
176
46
124
30
242
102
80
0
160
132
150
0
96
130
154
0
404
212
176
84
78
0
0
0
0
116
0
170
316
122
146
86
376
346
272
84
0
50
72
0
0
0
162
0
80
72
34
12
362
0
0
0
162
346
156
0
116
256
0
130
0
0
500
0
300
0
104
0
282
0
254
212
214
36
228
40
0
0
134
178
322
6
218
0
38
232
0
0
246
0
364
0
206
354
0
206
80
90
110
0
132
0
246
0
182
272
0
180
22
30
0
76
126
0
234
0
126
58
70
0
30
0
110
0
0
0
0
0
0
0
144
122
0
432
208
118
232
0
116
260
0
62
0
240
0
104
0
256
0
0
346
0
162
0
222
230
0
0
144
76
0
0
0
0
0
210
142
38
324
0
0
0
144
0
0
150
174
0
116
172
0
262
102
0
0
204
0
330
250
0
0
0
0
0
188
0
0
46
0
168
164
0
142
38
110
0
0
0
0
0
112
112
0
0
0
118
210
0
0
0
100
188
0
20
296
0
330
30
146
0
532
0
0
0
250
116
114
58
226
404
128
146
260
0
0
180
132
0
156
56
0
0
0
160
86
0
0
216
0
14
148
82
296
0
0
0
216
0
54
200
0
100
140
0
30
0
0
0
188
38
132
0
0
80
0
82
270
42
78
0
204
140
0
202
0
0
174
50
0
0
184
138
180
0
0
0
118
6
172
204
260
0
216
208
138
62
44
272
0
0
212
0
258
200
84
260
106
114
330
326
0
334
394
186
56
268
78
240
0
0
278
148
116
92
0
24
332
290
140
44
70
322
422
0
224
160
340
0
24
102
148
0
0
0
12
264
74
0
0
98
0
0
72
198
268
0
76
0
196
114
0
236
94
0
118
294
272
92
162
60
66
0
90
182
0
122
0
10
0
252
0
138
98
0
112
206
104
166
0
54
0
0
0
0
0
296
166
50
122
0
158
8
0
170
0
460
0
0
0
166
84
124
0
0
0
0
0
210
258
210
94
0
304
152
0
0
278
0
4
134
222
228
0
0
78
0
116
46
212
116
0
180
0
0
158
0
142
184
232
64
158
0
118
166
80
0
0
