0
0
0
232
170
0
0
230
184
0
0
0
116
0
116
0
0
88
0
0
274
0
0
282
122
212
0
172
208
230
78
0
0
250
0
116
0
0
216
0
0
256
0
258
0
0
298
296
0
0
0
276
276
216
0
248
0
0
130
220
0
176
0
80
0
252
0
128
0
178
0
0
0
218
0
362
0
220
320
86
244
114
128
0
0
0
0
210
0
0
140
0
0
0
168
266
258
258
0
150
230
270
54
0
162
142
274
28
262
0
0
226
254
334
246
0
0
0
0
0
0
0
286
0
232
0
0
268
0
0
0
0
210
0
198
0
0
0
220
0
322
0
0
274
250
88
240
0
0
0
0
0
240
298
104
194
176
0
192
0
238
0
0
0
314
160
0
0
0
0
0
266
0
0
286
272
0
0
0
134
0
0
246
0
148
266
238
0
150
0
0
0
252
276
0
0
0
380
264
172
102
82
0
160
272
0
0
154
216
98
0
0
290
0
180
0
0
28
0
246
0
90
176
0
0
0
0
210
212
0
316
0
0
0
0
0
0
188
0
0
150
248
0
214
0
208
200
0
0
0
204
66
326
0
0
252
0
0
8
0
218
0
358
0
0
0
0
0
0
170
136
0
234
78
0
0
0
210
0
0
384
150
0
258
102
0
0
238
0
0
186
190
0
0
0
0
0
0
0
90
0
0
158
0
0
32
0
0
0
162
0
0
224
158
0
346
186
0
310
0
0
0
220
250
0
0
124
268
172
30
0
0
56
0
264
0
0
58
228
268
0
0
286
92
104
0
0
0
0
244
72
0
188
0
0
0
0
248
0
0
250
0
244
306
156
0
0
0
116
0
250
0
0
88
0
0
270
314
0
256
0
0
0
0
294
0
208
0
0
164
0
180
168
0
0
248
0
298
0
146
332
0
0
0
0
0
0
82
0
0
268
0
200
10
164
0
0
136
218
0
0
52
76
78
344
0
378
98
0
62
166
0
0
182
0
0
162
0
0
50
0
292
242
228
0
0
0
0
310
0
0
220
0
0
212
188
0
238
0
316
0
0
0
0
310
0
0
0
272
0
298
242
0
292
0
80
0
258
108
244
180
0
0
0
248
282
204
162
0
258
0
28
0
0
0
0
0
0
0
212
