80
180
220
90
150
100
340
0
60
180
100
120
90
80
60
100
170
130
20
140
120
60
60
120
80
120
0
180
150
100
160
220
120
130
0
80
90
70
0
170
140
140
50
160
90
30
0
0
170
0
180
220
150
160
110
250
280
160
110
90
90
80
0
50
0
110
0
90
60
100
80
220
0
100
30
150
150
50
90
60
110
10
170
60
0
390
0
190
0
210
0
190
90
210
220
140
100
130
40
0
150
50
210
260
0
230
10
40
190
0
70
230
40
240
0
150
130
0
100
110
110
60
0
90
60
130
80
110
180
0
170
0
40
20
200
200
80
160
0
150
70
100
0
100
80
160
80
160
90
90
160
0
60
140
60
0
290
180
160
190
90
170
190
80
90
110
190
90
100
0
200
0
0
210
0
180
70
130
150
70
0
0
70
150
80
0
120
0
160
170
0
170
150
0
0
130
110
0
120
130
40
30
150
90
250
120
130
110
170
150
190
190
0
0
110
0
110
220
0
0
70
0
100
120
100
110
30
120
50
0
0
20
0
140
140
0
30
150
110
160
0
0
40
130
170
50
100
150
0
220
0
250
0
350
0
0
0
200
140
100
90
190
240
170
90
180
0
60
170
20
0
220
60
0
130
0
100
90
0
40
190
0
80
160
190
210
40
0
0
110
40
140
110
100
50
180
70
120
0
80
0
160
0
110
0
30
50
190
100
140
60
140
0
130
0
0
100
0
0
110
60
0
70
120
240
170
20
60
0
80
0
210
140
160
60
80
140
120
110
110
150
40
0
170
80
130
140
110
280
80
130
210
250
0
240
220
200
100
260
20
260
40
60
260
90
100
80
0
80
220
120
190
0
100
280
230
50
260
210
300
0
120
80
150
0
0
50
0
90
190
140
90
150
90
0
100
170
220
0
60
0
120
160
0
250
110
0
160
220
200
130
120
130
70
0
0
120
110
140
70
10
30
120
90
90
90
230
180
220
70
80
110
90
0
0
0
0
0
230
80
70
180
90
140
30
0
130
0
200
190
0
0
120
150
140
60
0
40
80
40
140
180
70
140
0
130
130
30
30
200
0
60
120
190
150
100
80
90
0
140
50
130
150
60
140
110
0
200
130
120
120
80
80
100
0
90
220
140
0
110
