0
0
272
0
450
64
364
0
0
282
464
0
0
156
94
0
0
0
0
0
370
0
0
196
0
314
0
252
72
280
78
300
62
0
0
0
0
194
0
0
142
226
0
298
32
192
0
0
196
0
270
266
252
216
0
286
136
0
264
224
0
0
0
0
0
304
0
0
0
224
0
272
0
0
0
0
114
96
0
0
0
2
280
0
0
420
0
260
0
244
0
222
0
0
312
52
0
238
0
0
236
0
408
292
0
348
0
0
262
0
146
286
216
354
0
256
0
0
0
0
0
0
0
172
0
0
204
0
164
0
240
0
200
32
136
226
0
0
0
286
36
0
0
110
0
240
176
234
0
0
0
0
0
248
0
0
382
218
232
0
0
0
240
162
0
170
290
52
94
0
266
0
0
306
0
222
0
0
150
160
0
0
276
272
168
0
244
0
140
252
146
244
0
0
0
0
28
0
90
116
0
0
132
156
292
0
0
164
234
70
290
248
72
70
280
0
0
254
0
0
0
0
238
0
0
0
0
130
36
138
0
0
0
0
252
0
168
222
232
220
0
0
104
76
0
168
210
0
0
264
0
296
0
372
0
0
0
310
0
0
158
236
184
0
46
210
0
0
0
0
0
306
98
0
88
0
88
176
0
40
356
0
16
238
192
296
0
0
0
0
0
204
170
0
0
0
134
0
0
0
0
286
0
0
0
36
0
132
172
222
0
0
0
126
0
0
182
0
0
0
0
0
54
180
238
270
78
0
0
0
0
0
194
300
106
0
0
0
192
78
0
158
0
802
0
0
0
174
350
0
278
0
456
0
224
464
236
206
288
0
300
0
140
358
0
0
0
0
144
332
0
210
0
80
322
228
0
254
250
290
0
72
272
168
0
0
0
0
64
334
188
180
168
98
0
132
248
288
0
186
0
94
304
48
286
0
0
218
314
152
42
52
240
0
0
0
0
120
92
0
0
0
0
0
74
0
328
122
262
0
216
0
0
0
0
0
106
0
336
186
0
272
0
188
26
0
50
0
360
0
0
122
0
0
94
0
0
22
0
0
110
258
0
184
0
54
172
0
0
8
0
0
0
252
0
220
0
148
0
116
196
0
516
0
180
36
0
348
0
212
0
74
0
0
0
278
346
260
0
238
