340
0
410
0
0
390
340
0
0
510
0
0
0
470
0
0
0
0
360
0
0
0
0
0
0
100
0
150
0
0
0
450
0
0
0
0
0
500
0
0
0
0
0
400
130
20
0
0
460
0
0
0
340
0
460
0
300
0
0
0
0
0
310
0
0
0
0
0
0
270
0
0
0
0
0
0
0
0
0
0
0
0
410
0
380
0
410
0
450
380
440
0
380
0
0
0
0
0
0
0
170
0
0
0
0
0
0
0
0
0
0
0
370
0
0
0
0
0
0
60
0
0
0
430
0
0
0
0
0
0
350
0
260
510
430
440
0
0
0
500
0
0
0
0
0
0
320
0
0
460
400
0
0
80
0
0
0
520
0
0
400
0
0
390
0
410
340
0
0
270
450
0
0
480
0
0
420
0
0
0
420
0
0
0
370
0
0
460
0
0
0
360
0
0
0
0
190
0
0
0
0
0
0
390
0
0
0
0
0
0
0
0
380
440
0
0
0
0
550
0
0
0
0
0
0
0
0
0
0
0
0
130
0
430
330
480
380
0
310
0
0
0
430
0
470
390
420
0
0
0
0
450
0
0
0
0
310
0
0
0
310
240
0
0
0
510
0
360
500
0
90
490
110
0
0
0
0
0
420
420
0
0
460
0
380
280
0
0
320
0
0
0
0
0
0
0
80
0
0
370
430
0
0
0
0
480
0
0
260
0
380
0
0
0
0
0
0
0
0
0
0
0
0
0
440
0
340
0
0
0
450
0
0
0
350
500
0
0
0
0
0
380
0
0
0
0
0
440
0
0
380
0
0
510
0
380
0
0
0
0
0
250
0
0
0
0
0
450
390
420
0
430
450
0
240
0
200
0
0
0
470
390
0
0
0
350
0
530
260
0
450
430
0
150
540
0
160
0
300
0
0
0
410
490
0
470
460
0
500
0
0
0
0
0
0
0
0
400
0
0
0
0
0
0
0
450
0
0
340
0
420
0
0
0
0
420
0
390
0
390
0
0
0
0
0
0
410
0
0
490
520
410
180
0
0
230
0
0
0
0
0
0
0
440
0
0
0
460
0
0
0
0
0
0
0
0
0
0
0
0
370
0
470
70
0
0
370
0
0
310
0
0
0
0
0
420
260
0
0
0
