130
98
118
55
133
107
74
105
102
90
111
86
107
118
107
132
106
106
140
94
92
105
112
91
126
109
76
110
94
123
106
111
120
81
114
80
130
125
109
61
104
106
126
117
121
102
51
59
124
119
120
89
103
111
115
71
103
118
133
113
128
83
125
111
93
106
87
125
87
126
119
80
113
102
107
26
95
103
55
113
102
133
108
126
57
88
105
64
85
113
135
89
133
64
116
72
104
109
131
75
121
13
120
114
77
133
23
132
88
93
73
94
135
64
118
130
88
118
140
115
100
86
73
111
89
117
107
85
63
114
99
26
79
133
142
137
88
112
54
134
46
105
98
96
15
104
118
122
82
123
125
91
103
97
111
1
95
62
125
85
119
129
122
132
29
109
124
117
88
60
124
98
126
106
74
64
114
99
98
123
64
80
49
108
125
90
114
115
61
118
110
108
77
72
57
132
131
-1
73
120
115
74
128
127
61
67
109
115
126
130
129
99
120
112
104
132
96
109
129
109
126
108
126
110
113
130
123
124
108
113
52
134
104
111
125
107
115
92
101
112
92
93
124
118
116
112
124
56
125
101
117
125
52
74
90
50
117
111
119
97
101
140
20
112
112
102
72
116
49
32
95
120
108
22
97
123
140
107
119
120
110
94
109
97
97
114
111
124
124
118
95
113
84
114
127
95
136
104
107
124
96
129
124
111
89
131
130
126
118
93
110
121
94
135
115
74
104
103
70
73
123
89
119
87
126
136
106
107
87
114
102
120
114
128
114
12
89
98
117
84
22
106
95
131
109
114
112
107
105
111
110
106
117
120
130
122
120
83
98
132
75
120
104
54
105
108
98
125
121
111
87
139
123
105
107
97
112
49
85
101
114
81
113
103
57
105
102
99
122
110
113
131
107
121
-4
101
103
45
113
120
74
126
134
68
63
117
113
102
127
87
131
118
127
105
102
76
92
135
89
69
98
117
90
118
47
92
50
86
101
97
131
89
113
91
83
109
108
127
111
130
72
84
71
104
104
120
125
90
73
81
118
124
101
114
131
106
90
83
128
103
119
93
76
122
47
75
102
138
62
65
27
104
86
41
82
126
112
108
97
118
121
93
127
117
114
100
123
132
128
138
73
115
109
92
86
104
123
108
110
122
