0
0
0
736
674
966
828
648
862
0
662
0
0
0
0
824
0
0
0
0
1070
676
0
0
736
0
716
0
0
870
0
0
0
902
0
0
0
622
858
0
0
756
670
780
0
0
754
0
680
0
606
0
698
0
0
0
784
796
700
606
0
664
868
0
1040
0
0
0
0
0
0
880
0
0
736
0
0
0
0
0
0
622
0
684
0
0
0
712
0
670
0
904
622
0
0
0
0
0
828
0
0
0
614
652
636
0
0
0
0
0
0
0
0
800
0
622
0
676
0
824
0
610
0
0
836
0
0
830
0
710
630
1142
0
0
0
660
0
0
0
604
1144
606
630
0
0
822
606
692
868
0
784
0
732
1126
652
0
0
0
0
614
0
0
606
618
0
0
0
676
814
680
0
0
0
0
616
0
0
908
876
0
0
0
0
0
696
966
602
616
0
0
0
0
622
0
916
0
0
0
950
874
0
0
620
0
0
872
0
0
836
0
0
0
872
0
732
888
748
832
676
876
836
0
0
0
720
0
0
0
0
732
0
0
0
0
0
904
0
0
732
0
816
0
608
832
0
0
0
0
846
950
676
0
624
0
0
0
0
820
820
764
832
0
0
0
1182
0
0
714
1192
832
0
0
0
0
0
0
900
0
606
0
0
0
648
0
0
0
0
678
662
670
0
0
0
820
0
808
0
736
0
766
636
644
692
608
0
0
0
0
0
0
0
1128
0
0
0
0
0
790
0
0
876
0
0
610
736
0
0
0
0
0
0
0
0
692
0
0
0
830
614
0
0
0
0
0
0
0
0
0
0
0
0
620
0
868
0
0
0
0
0
1098
0
0
0
0
0
0
0
0
620
682
606
0
0
0
0
724
868
872
846
0
614
900
0
0
0
812
0
1144
0
0
0
0
0
0
0
0
760
760
916
832
0
0
0
0
0
966
0
0
0
0
792
0
0
904
608
0
874
0
0
0
614
652
0
0
0
0
670
0
0
736
0
700
0
902
0
0
0
746
732
0
950
0
0
0
676
820
0
0
0
884
0
636
0
0
0
786
0
0
0
716
800
780
0
682
0
734
902
0
610
0
894
0
820
0
0
822
0
712
820
0
0
0
0
0
0
642
0
796
624
0
716
0
686
872
670
0
0
0
0
0
0
0
0
0
0
0
0
640
0
824
0
0
614
700
736
736
0
0
0
0
820
752
0
0
0
0
0
822
798
0
670
868
0
1110
606
888
0
636
0
726
0
0
872
0
0
0
0
1150
0
0
0
0
0
0
0
0
0
0
686
0
0
0
0
0
0
622
0
638
606
0
0
0
638
0
0
832
896
0
0
888
0
950
0
0
736
0
0
754
0
0
0
0
620
824
0
650
0
776
622
820
