160
0
0
130
110
140
0
150
160
0
60
0
70
140
140
60
50
90
180
80
0
140
140
60
60
180
260
40
50
100
20
0
160
90
190
120
210
110
200
30
140
80
150
60
110
170
170
240
70
230
0
0
10
0
150
0
0
100
170
90
110
140
150
130
140
30
230
110
0
80
160
0
0
0
150
90
30
110
50
0
90
150
70
80
270
0
190
0
180
0
190
110
90
0
0
60
100
70
120
220
90
130
0
0
180
0
150
0
30
280
130
0
140
0
270
50
110
180
100
150
0
0
200
0
120
90
120
90
0
200
110
250
140
200
0
0
100
60
140
130
0
120
140
120
120
80
60
60
110
150
60
240
160
20
160
240
0
60
60
30
110
0
30
120
70
110
10
110
140
220
0
80
200
0
280
0
130
70
50
130
210
140
110
30
140
170
80
250
20
90
130
0
110
200
150
110
90
30
0
90
140
130
70
130
0
0
70
90
50
70
0
10
140
140
130
140
90
0
210
220
110
180
140
100
100
70
170
80
130
100
240
160
210
100
40
300
110
70
190
0
150
290
160
90
50
130
120
0
220
0
190
0
180
0
180
160
210
0
60
100
150
0
0
50
90
0
260
120
70
240
110
0
80
170
90
70
140
90
220
160
0
170
120
0
30
0
200
160
210
0
100
100
90
80
190
80
90
0
90
60
220
60
170
70
230
190
130
50
80
0
260
80
160
50
150
310
120
210
230
110
160
180
110
0
20
90
140
80
160
120
240
10
80
40
20
120
80
120
110
0
0
200
240
130
180
70
60
90
0
140
70
0
0
40
40
0
120
80
0
200
0
160
100
0
90
140
180
170
120
0
0
50
210
0
0
0
110
0
0
0
200
0
180
30
160
170
190
270
130
0
100
110
50
150
420
80
50
0
210
160
150
100
20
270
0
110
220
80
0
0
0
60
70
170
180
180
0
30
80
110
270
130
160
0
0
110
0
40
0
150
120
90
130
200
170
180
130
200
0
160
50
0
130
0
150
90
90
130
40
110
270
160
0
0
100
120
270
140
140
120
120
0
130
80
20
0
70
190
210
0
280
200
100
0
0
100
80
110
170
80
130
50
0
160
120
130
140
100
90
100
100
160
100
100
110
90
0
80
180
130
