60
420
100
140
380
340
600
280
280
180
260
440
60
260
340
280
340
120
280
260
500
280
460
400
260
180
380
160
220
360
300
220
540
380
460
420
300
160
160
500
420
500
320
40
600
20
360
440
200
260
180
600
0
180
0
360
340
100
0
320
480
440
140
500
300
320
80
220
220
480
60
180
100
200
100
420
260
0
600
60
80
240
220
320
320
260
380
160
160
180
360
240
340
240
260
0
300
240
600
280
540
200
240
460
120
240
160
320
100
240
300
460
240
420
120
380
200
100
280
80
260
500
340
120
400
320
100
160
280
220
440
240
140
80
320
260
420
280
240
380
300
420
0
240
180
240
600
220
400
240
420
300
120
260
180
260
420
300
340
460
380
380
280
340
180
300
420
260
320
440
360
380
360
340
120
600
200
160
140
160
240
320
280
340
320
440
360
320
340
400
220
320
60
300
360
400
400
300
220
220
200
200
220
320
540
160
140
380
460
560
300
380
280
200
40
260
240
0
340
0
200
320
420
100
320
60
40
420
60
260
280
280
80
420
120
300
340
260
360
340
100
340
420
0
440
260
480
300
260
240
200
320
260
380
100
0
160
340
320
0
180
360
360
440
0
420
600
0
340
220
240
480
460
160
160
300
600
420
80
140
60
100
360
0
240
300
600
120
340
120
300
340
300
0
360
340
400
340
420
480
140
200
400
0
80
220
260
140
480
400
420
180
120
480
320
400
0
280
60
300
500
300
200
0
240
320
280
60
60
300
240
0
300
260
500
260
60
120
540
360
460
280
480
0
180
380
520
340
320
160
240
400
480
100
0
220
400
240
340
300
340
400
200
400
280
400
420
280
300
120
340
280
220
100
520
0
240
160
220
380
360
180
140
400
340
340
60
160
600
0
40
260
400
400
600
160
140
220
180
160
420
420
320
0
180
200
420
380
140
300
420
360
460
100
0
240
600
280
160
420
500
460
540
240
300
400
260
280
0
220
380
0
300
180
600
200
320
520
140
280
280
300
200
320
160
340
440
0
180
200
140
200
40
360
380
180
460
440
40
200
100
460
100
40
0
80
280
440
400
180
360
140
480
440
60
320
280
200
200
240
440
280
460
460
340
500
480
280
500
0
300
340
600
0
280
340
220
80
220
180
600
300
360
0
340
220
280
300
200
420
0
280
420
180
180
0
320
400
200
260
0
220
480
60
0
220
380
0
60
600
520
200
340
160
540
280
300
480
0
180
140
300
360
600
300
120
280
0
600
400
100
160
80
160
340
280
300
140
180
440
260
520
540
460
320
420
560
160
500
460
360
340
340
120
240
180
220
300
260
220
400
180
340
340
400
280
80
340
540
60
220
240
260
140
180
0
120
140
60
40
360
600
40
240
380
200
200
280
480
260
240
