0
42
0
254
0
0
0
90
116
0
196
0
178
0
256
88
224
0
20
0
174
0
0
302
62
0
0
232
158
0
148
0
0
130
226
0
0
0
66
314
0
256
144
0
0
0
428
356
0
0
0
246
266
0
0
0
0
0
0
100
60
186
0
120
0
0
0
0
316
0
0
212
0
194
0
312
296
0
380
0
214
0
0
0
0
284
0
290
0
0
0
0
0
0
118
298
138
178
0
300
70
418
0
0
182
22
0
48
272
0
0
276
0
264
0
0
340
0
116
218
0
0
186
0
92
0
82
398
0
0
0
34
350
0
0
0
0
0
240
0
382
58
122
234
290
0
90
166
154
0
0
0
140
238
94
298
308
0
138
322
158
0
170
0
354
0
0
32
124
0
0
166
0
0
226
282
0
0
70
0
0
0
136
0
0
276
168
0
280
0
70
86
212
336
336
0
0
530
138
0
64
268
0
0
302
62
0
0
156
188
0
110
170
0
0
110
0
30
0
166
86
80
0
174
0
0
28
170
102
0
346
0
120
0
0
0
144
0
0
226
0
308
0
0
122
0
0
174
0
0
74
0
366
14
0
212
0
96
0
76
0
64
568
0
0
0
0
0
0
378
0
0
0
258
60
0
0
140
0
0
144
30
0
248
0
0
0
0
0
150
256
0
154
136
0
70
0
170
0
0
212
110
68
70
78
0
100
0
0
302
0
0
304
0
0
376
166
0
300
0
190
120
60
180
0
0
0
218
154
142
0
0
156
0
0
0
238
74
108
168
272
98
286
0
0
0
188
0
0
284
0
264
0
0
0
0
0
328
0
244
230
0
184
366
56
0
0
0
136
0
280
0
0
0
0
0
260
384
0
344
0
74
0
0
334
0
78
0
58
0
0
0
188
0
0
114
0
338
0
0
352
0
0
0
0
0
0
90
0
254
108
18
0
0
108
420
0
0
0
376
0
0
112
118
144
0
384
192
0
156
0
128
234
162
30
0
0
0
0
0
310
272
282
198
0
0
30
392
270
42
0
200
0
0
102
0
0
0
0
266
186
0
0
0
450
244
108
0
202
188
468
150
94
352
0
160
156
168
282
0
0
228
0
0
158
282
0
0
102
38
0
182
102
0
0
0
0
170
0
0
