0
0
0
0
0
680
0
0
660
640
620
600
0
0
0
800
640
760
620
0
0
660
0
740
0
0
0
0
0
600
660
0
0
660
600
0
640
0
600
0
720
0
660
600
0
620
0
0
600
0
640
800
0
0
0
0
660
760
0
660
0
0
0
600
800
660
0
700
640
0
0
600
660
0
0
0
1120
600
0
0
800
720
0
700
0
620
720
0
0
600
0
780
0
620
640
0
0
0
600
600
640
0
0
700
600
680
0
800
0
960
0
0
0
700
0
720
600
640
620
620
600
640
740
600
0
820
0
0
0
600
0
0
0
0
0
600
740
700
760
600
740
600
0
0
0
680
0
740
0
0
0
0
600
780
960
0
740
0
0
720
600
0
660
720
720
0
0
600
700
600
780
0
0
0
600
0
0
740
800
0
0
0
0
720
600
680
620
600
600
680
0
0
0
620
680
0
0
0
0
0
0
640
600
740
720
660
620
0
740
640
640
640
740
620
700
600
640
600
600
600
700
640
0
0
0
0
0
0
0
0
0
0
600
0
600
600
700
0
640
0
0
760
680
600
620
0
0
0
660
680
0
0
600
0
0
0
0
700
760
780
600
0
0
620
800
0
0
0
0
0
800
0
640
0
0
0
740
0
0
640
0
600
0
0
0
0
600
880
600
600
0
660
0
640
680
0
0
0
0
600
620
600
660
0
0
0
0
0
0
0
660
600
0
720
720
0
860
740
760
0
900
0
0
600
720
600
0
600
0
0
0
720
700
0
780
600
640
640
600
0
0
0
720
0
640
0
0
600
0
0
0
700
600
640
0
0
600
0
640
600
600
0
720
0
0
600
640
0
680
760
600
0
0
720
0
600
640
0
0
0
820
620
0
0
0
0
0
640
720
600
600
640
0
960
0
0
0
0
680
660
600
840
0
0
0
660
0
0
600
0
0
0
0
780
0
0
700
0
0
0
620
600
0
0
0
0
0
0
620
0
720
0
0
0
0
0
0
0
600
0
700
0
0
0
660
600
0
600
0
0
720
0
600
0
0
0
0
640
0
600
0
0
740
0
600
0
680
0
0
0
0
620
0
0
0
0
700
0
600
0
0
780
0
0
0
0
0
620
640
0
0
0
600
640
700
700
0
0
0
620
0
640
0
0
0
0
0
720
0
0
0
620
0
0
740
600
0
0
660
0
640
600
0
0
0
720
0
600
640
0
820
680
600
640
640
600
680
0
0
0
0
0
0
600
600
0
660
1080
0
680
0
0
0
760
0
0
0
0
0
660
0
0
0
0
0
720
0
640
600
0
0
0
1120
0
680
0
0
600
620
620
0
680
600
0
600
0
960
0
0
0
0
640
820
620
0
840
0
880
0
0
