600
0
310
400
0
310
0
360
240
640
280
390
450
230
400
340
0
160
320
460
0
260
380
620
390
210
300
340
370
640
560
0
530
0
0
470
600
320
280
330
0
290
380
240
540
140
410
0
620
330
130
260
0
400
0
410
610
0
370
320
0
0
300
0
240
0
600
80
440
180
410
600
250
80
300
260
240
640
0
480
610
430
0
360
330
320
210
130
260
180
120
210
600
150
180
90
120
0
630
300
340
620
620
360
350
450
190
0
620
630
260
270
210
630
170
340
600
420
0
620
630
610
190
620
0
160
240
280
610
300
150
400
630
0
360
330
180
120
300
360
180
610
0
280
360
350
610
160
0
310
0
240
630
610
400
390
610
0
330
340
180
380
290
170
0
320
220
0
190
130
610
0
100
360
0
230
0
300
150
300
0
260
0
0
260
570
400
190
410
0
360
260
0
0
310
320
300
340
310
280
210
0
380
70
600
350
240
600
600
470
0
340
610
400
640
600
600
320
250
0
170
330
610
600
180
540
630
60
100
430
0
140
430
410
440
440
350
330
90
20
620
620
0
50
360
600
560
270
210
0
320
270
340
390
70
610
30
300
360
620
490
280
130
0
610
0
0
380
410
260
260
230
600
20
350
320
600
240
630
610
310
170
230
600
0
140
630
260
340
0
280
630
240
430
120
280
340
280
250
0
0
340
620
620
0
350
0
0
0
340
610
0
0
420
640
400
40
380
0
0
640
280
230
0
620
110
310
0
20
0
450
0
220
360
600
290
160
620
120
600
0
180
320
0
290
160
440
0
200
0
290
600
380
310
100
0
350
190
80
340
220
330
0
210
300
640
250
460
600
140
180
280
410
0
0
620
390
180
360
230
320
0
440
380
180
90
0
0
610
640
610
270
270
70
370
630
220
510
290
570
200
190
330
80
240
630
0
330
0
330
510
0
0
0
0
630
410
450
170
0
640
0
0
340
0
0
630
0
600
520
250
640
250
390
0
80
630
0
540
330
380
0
440
380
490
420
0
630
280
320
630
280
0
390
570
260
620
220
0
0
280
0
10
640
380
190
260
640
240
410
130
0
410
610
600
70
0
240
300
430
0
250
610
0
190
340
600
610
400
490
380
610
630
460
610
0
0
0
60
450
600
0
640
0
0
260
430
410
610
180
100
0
0
350
600
420
0
0
330
450
540
510
230
0
400
90
310
640
410
640
0
260
330
410
550
380
230
600
0
340
630
280
430
630
0
160
230
640
630
0
380
0
600
450
600
180
220
190
370
350
260
260
600
230
410
0
640
330
500
160
320
0
140
620
310
640
380
430
210
30
140
610
310
220
220
340
360
600
0
0
420
320
460
300
600
630
610
420
600
220
