0
780
0
0
0
0
0
0
0
0
0
600
0
600
700
0
720
0
880
0
0
860
600
660
660
600
740
0
740
0
0
0
0
680
0
660
0
0
0
0
680
0
0
0
0
760
620
0
0
0
0
1040
0
660
960
0
0
0
0
660
0
0
0
780
0
680
920
600
640
620
0
0
720
600
620
840
600
0
780
960
0
0
0
600
0
0
700
640
760
620
640
0
600
700
660
620
0
660
0
0
0
640
700
0
0
680
760
0
600
600
0
680
0
600
680
0
0
0
640
0
0
600
0
0
0
0
600
0
600
0
0
0
600
0
600
0
600
660
620
0
1040
0
0
0
0
680
620
0
0
0
0
700
700
0
600
0
0
760
0
600
0
0
0
860
700
0
0
640
700
0
0
600
880
1120
0
0
600
0
760
620
720
0
800
0
600
0
0
700
680
0
0
660
0
0
0
880
600
660
600
0
1120
0
0
600
720
0
0
0
800
680
600
0
0
840
700
0
0
0
0
0
720
600
0
700
0
720
600
600
0
0
0
600
0
620
0
0
660
0
700
600
0
0
0
0
600
0
760
0
0
640
620
0
0
760
600
0
0
0
0
0
0
640
0
700
0
1000
620
0
0
0
0
840
0
640
700
600
0
0
0
0
660
0
0
680
0
760
640
0
640
0
0
0
0
0
700
0
0
660
0
0
0
600
0
780
0
680
720
0
0
720
720
0
0
0
0
640
0
1040
800
600
0
700
660
0
0
0
720
0
760
620
0
0
0
0
0
0
660
0
0
620
0
640
0
640
0
600
700
0
600
820
0
0
600
0
0
600
780
720
0
0
0
0
600
720
0
660
620
800
620
0
0
880
1120
700
700
0
0
0
600
0
680
0
0
640
700
0
600
800
0
0
0
620
600
0
0
880
1120
0
0
0
0
780
700
0
0
0
0
820
0
0
0
0
0
0
0
0
0
680
720
700
0
0
620
0
0
660
0
0
0
960
0
600
0
680
0
0
780
0
0
720
0
760
680
800
640
0
620
600
0
0
0
600
600
0
680
0
0
680
960
620
720
0
600
0
780
600
600
0
0
0
0
0
0
0
0
0
720
0
0
0
620
680
0
0
660
640
680
780
0
640
600
0
0
0
0
0
720
740
0
700
600
620
760
660
640
0
0
0
680
600
780
600
0
0
0
0
0
0
600
640
0
0
600
0
1040
0
0
800
640
600
660
0
600
0
0
0
600
620
720
640
760
720
0
720
0
600
720
0
600
640
0
0
600
680
0
640
0
640
0
0
600
640
1000
720
0
0
600
0
0
0
800
0
0
0
620
0
660
800
0
0
720
0
960
0
1120
0
0
0
0
660
0
0
760
0
0
0
700
620
0
0
0
0
0
600
600
700
640
660
0
640
0
