630
0
390
400
0
310
440
240
360
640
280
310
490
230
140
300
0
440
360
460
0
320
380
430
390
380
300
600
230
0
560
630
70
0
0
310
600
400
320
250
0
390
300
360
440
500
190
0
620
270
470
260
630
160
610
410
400
610
370
360
640
0
300
0
360
0
0
440
360
260
370
520
350
480
300
90
460
640
0
610
610
170
0
240
430
280
230
470
340
300
440
390
600
410
420
610
120
620
0
300
240
620
410
280
250
150
410
370
620
630
260
250
350
0
330
260
600
460
630
620
630
0
410
640
0
240
400
280
0
300
150
180
630
600
240
330
180
480
300
280
380
0
640
320
220
350
0
160
0
270
0
360
630
0
420
0
0
0
330
340
140
380
310
130
640
320
380
0
410
170
120
0
200
320
600
250
0
300
450
220
380
340
610
0
260
0
400
190
190
140
240
260
630
620
350
320
220
340
310
280
390
0
560
350
0
350
160
600
0
0
630
260
0
200
640
600
640
320
250
620
430
180
0
600
180
540
0
60
500
310
600
460
430
150
400
160
350
330
90
400
620
620
630
550
230
600
80
270
210
490
320
330
340
470
150
610
610
220
440
620
490
240
50
0
610
0
0
620
190
260
180
230
0
580
490
240
0
280
630
610
550
430
410
610
640
460
630
380
260
620
360
630
320
250
120
400
260
200
310
0
640
420
0
480
610
350
600
620
0
260
0
630
610
180
0
200
600
380
600
0
0
320
410
520
620
490
0
450
630
640
490
600
340
560
230
250
440
620
0
600
0
180
320
610
330
160
160
0
200
510
310
0
220
330
430
640
350
190
520
340
340
330
630
210
380
0
390
140
0
340
260
280
230
640
0
600
270
500
240
370
320
470
440
220
420
460
640
600
0
640
620
330
50
190
210
0
420
430
410
570
200
110
270
510
240
630
0
230
620
270
90
630
0
610
620
630
310
330
170
0
0
0
0
260
600
640
630
520
600
520
250
640
350
470
0
480
630
0
540
270
380
0
480
380
490
180
0
600
400
280
620
380
610
210
30
260
0
220
600
640
320
0
490
640
420
490
340
640
320
410
330
610
190
0
600
70
50
360
300
130
0
350
620
0
190
220
0
0
400
570
380
270
0
540
0
0
600
620
540
450
0
0
0
0
630
300
130
410
610
180
540
0
0
350
600
460
0
0
290
0
540
0
230
610
400
510
310
640
410
0
0
260
270
600
50
380
230
0
630
220
630
280
170
0
0
400
370
640
0
0
300
350
600
150
600
380
380
410
430
190
340
180
0
190
190
0
0
450
0
410
280
0
0
620
280
640
380
430
210
620
140
610
130
380
220
260
360
600
0
620
420
420
340
300
600
630
0
260
600
420
0
0
420
0
300
450
270
330
300
620
0
