198
92
0
210
100
96
0
110
252
0
0
0
52
124
116
0
216
194
140
58
0
220
182
0
0
206
430
22
0
0
0
0
0
90
356
244
340
0
198
0
188
54
106
0
138
118
228
366
44
294
16
0
0
0
158
0
0
0
146
92
0
168
298
224
182
0
454
0
0
0
308
0
0
0
138
158
0
0
80
0
0
0
0
132
434
0
194
0
180
0
210
178
0
0
0
82
114
0
170
320
24
136
0
0
172
0
106
0
0
294
112
0
16
0
228
0
80
182
128
380
0
0
336
0
76
0
46
108
0
356
0
512
0
188
0
0
112
136
136
32
0
70
188
0
200
0
0
44
142
150
62
396
188
0
218
386
0
92
50
88
104
0
0
0
164
0
0
88
164
376
0
0
220
0
144
0
0
38
0
110
240
236
0
0
0
284
138
254
0
0
118
0
62
176
286
146
170
0
0
0
134
164
0
92
0
0
124
126
56
148
0
30
154
40
94
186
34
0
448
222
104
164
188
76
0
158
298
80
182
102
334
182
238
0
0
528
74
0
202
0
150
298
134
0
62
0
70
0
232
0
80
0
0
0
218
0
380
0
0
136
132
0
0
66
0
0
242
176
160
0
72
0
0
312
162
94
210
0
130
190
0
100
130
0
68
0
408
236
192
0
144
0
0
60
264
70
0
0
42
0
334
0
92
88
336
204
20
56
0
0
448
270
244
0
90
506
0
320
326
146
360
340
54
0
0
0
106
114
314
42
244
0
72
0
0
204
142
0
0
136
18
122
288
112
246
212
150
126
0
154
0
0
0
0
116
0
122
0
0
342
0
186
0
0
0
114
338
326
110
0
44
0
180
0
0
0
0
0
0
0
222
0
252
32
0
256
120
300
0
0
82
0
2
176
672
88
0
0
274
54
276
0
0
344
0
176
308
112
0
0
0
0
0
204
180
410
0
0
32
168
346
194
204
0
0
0
0
0
0
126
30
228
102
252
298
188
0
222
0
34
80
0
98
0
0
40
70
86
0
150
346
210
0
0
0
122
246
108
132
232
154
0
300
56
70
0
88
230
232
0
408
250
122
0
142
70
76
96
0
24
120
108
0
182
0
62
140
62
178
48
286
76
0
52
88
0
34
60
250
42
