116
0
176
46
230
100
120
94
112
148
44
40
118
148
32
48
0
74
204
0
132
136
112
60
0
96
0
172
202
100
92
176
160
154
66
8
130
114
172
0
72
88
58
272
158
126
0
0
182
130
160
184
118
68
154
242
24
120
70
58
190
164
98
82
56
210
78
210
0
188
64
0
0
96
0
18
66
154
130
172
30
98
154
68
0
16
218
46
80
150
98
82
182
86
128
0
244
134
56
0
230
86
24
124
228
58
198
156
178
64
130
62
148
112
2
106
38
48
0
0
86
120
88
110
172
226
80
82
0
44
90
0
168
160
204
124
148
132
88
190
58
48
86
144
104
76
156
0
0
150
216
84
124
132
172
0
0
72
120
0
198
166
0
164
70
194
154
158
40
160
120
64
0
18
140
172
70
54
0
206
94
0
154
42
204
78
0
110
4
62
62
28
0
128
14
150
222
50
112
94
84
0
0
178
122
0
246
110
130
50
0
0
164
132
250
84
74
152
10
152
74
0
68
48
124
0
98
164
166
8
148
176
0
216
184
64
94
162
98
0
170
74
204
158
46
186
240
0
152
8
122
258
124
98
56
112
10
116
224
68
278
22
0
74
0
114
156
108
70
0
38
80
256
0
46
2
116
202
0
240
42
210
96
196
206
186
0
112
154
0
152
164
62
100
0
100
142
104
126
160
56
112
62
170
98
138
158
166
148
8
68
64
0
178
86
0
76
70
0
74
0
0
118
80
176
114
264
196
112
88
0
66
0
92
212
0
40
0
42
54
0
272
36
126
124
0
0
190
116
168
186
0
102
112
0
0
0
208
124
0
64
112
152
148
70
6
0
66
248
108
0
214
102
180
66
0
170
0
0
156
128
104
172
102
160
134
186
54
102
218
212
222
102
82
0
156
38
152
146
184
0
0
180
138
178
166
212
60
60
0
54
72
134
66
0
0
0
194
148
0
0
186
0
186
0
154
0
156
116
62
192
0
90
0
0
208
222
124
74
176
90
24
26
112
218
178
78
0
92
30
210
180
124
66
52
92
0
116
84
52
196
84
0
124
0
0
0
154
134
112
0
140
184
198
0
108
0
42
26
176
310
0
126
160
96
162
252
152
2
168
0
100
188
48
106
214
204
72
148
158
