0
340
220
260
380
420
0
320
240
220
220
600
500
540
260
600
500
240
560
380
180
280
220
440
380
460
260
120
20
360
300
300
220
300
380
340
220
240
440
0
300
300
280
280
160
460
240
360
360
380
340
100
160
300
200
240
100
600
240
200
80
400
260
600
380
440
320
340
140
200
340
420
340
0
460
220
340
0
200
220
600
320
380
160
320
380
300
120
600
420
160
80
340
520
600
320
380
120
200
320
340
360
440
260
280
320
520
360
0
400
420
300
280
300
240
180
360
180
400
520
220
260
500
120
200
40
340
280
0
460
440
480
500
240
240
180
220
240
240
180
180
140
0
480
460
480
0
140
280
280
60
580
480
300
100
140
460
300
380
300
380
180
240
420
260
260
140
260
400
360
240
380
320
540
240
260
240
440
460
240
440
200
320
220
240
0
600
320
460
320
600
40
260
140
600
200
280
260
380
420
320
440
500
440
340
240
500
180
420
160
100
460
520
400
360
600
520
300
420
0
280
440
220
260
360
100
0
500
340
100
360
560
240
580
320
600
340
380
240
260
260
220
180
240
440
260
240
300
380
200
440
240
260
380
100
200
320
600
240
460
380
240
520
600
300
300
0
0
380
180
240
40
340
520
280
380
140
420
120
140
180
300
160
300
320
300
80
280
600
0
140
260
260
100
0
0
280
580
100
80
100
320
400
600
360
260
540
140
240
120
600
140
320
320
520
320
360
320
600
100
260
340
320
300
360
160
360
260
500
100
0
120
460
0
140
220
260
240
340
560
600
120
280
320
600
380
240
180
0
280
280
600
440
220
340
0
280
440
220
540
540
280
600
360
520
440
420
120
140
320
340
320
100
420
280
260
280
40
500
220
120
340
220
360
220
380
300
120
260
460
160
600
360
480
220
120
140
140
300
360
380
500
200
180
220
240
60
600
420
300
460
600
180
460
0
120
160
480
480
100
460
380
340
400
420
80
0
280
460
300
500
440
260
600
120
80
280
0
180
360
200
600
0
360
280
600
480
80
300
240
420
400
400
360
180
260
220
280
320
320
380
380
460
160
80
120
280
240
280
380
120
140
440
80
60
400
600
160
400
520
0
360
100
140
600
220
0
240
140
420
460
300
380
320
0
100
220
240
460
600
240
100
160
20
140
180
360
260
120
460
0
600
220
220
600
200
240
200
600
100
80
180
360
100
80
600
180
400
600
540
160
440
420
320
460
240
300
600
320
460
420
600
200
300
220
600
600
420
380
280
420
360
360
480
300
360
220
220
420
320
0
600
220
260
280
380
240
480
300
260
240
500
380
160
440
380
60
260
300
300
360
420
460
300
360
400
360
180
260
60
100
160
380
340
340
280
280
260
0
200
