0
620
310
0
290
410
0
610
240
0
0
470
630
610
200
600
600
160
320
360
0
360
0
490
470
440
220
140
70
0
320
270
130
0
610
370
0
320
600
0
200
130
260
280
280
420
230
470
620
530
450
260
80
320
0
270
0
620
600
460
0
0
460
440
400
640
330
60
200
180
390
240
330
0
240
60
160
0
20
40
600
350
600
300
290
320
230
0
620
260
360
150
640
590
610
610
400
0
320
400
340
0
0
300
290
290
610
370
0
620
340
370
310
210
270
220
370
260
620
630
210
0
310
0
200
200
320
400
0
610
330
260
540
600
300
0
0
160
0
140
0
0
0
400
440
270
0
0
380
330
0
340
460
150
0
350
420
0
600
520
400
420
0
410
370
480
300
0
350
350
180
610
220
400
300
310
330
340
170
600
600
180
270
0
260
0
610
290
390
300
600
300
0
0
630
320
260
260
370
610
0
440
600
470
400
630
240
0
640
0
0
620
640
610
630
600
640
320
490
0
0
640
150
0
380
460
0
600
380
290
180
630
160
610
120
600
390
310
0
460
480
0
0
330
520
250
400
470
230
0
200
430
220
270
230
0
600
380
300
610
610
460
640
600
430
580
0
400
630
340
340
0
600
600
60
360
290
360
0
0
210
210
230
480
630
380
0
260
640
0
280
80
280
60
0
300
280
160
270
0
0
420
610
620
630
490
610
0
460
0
310
0
600
240
340
540
240
380
630
30
320
380
450
400
440
0
310
450
630
0
110
0
260
0
0
50
280
140
240
640
630
220
240
420
610
330
280
0
240
270
0
600
620
210
330
0
410
410
200
380
300
350
0
0
640
390
230
60
0
180
320
400
190
600
410
190
230
100
240
310
240
620
220
320
260
320
0
0
330
610
0
600
610
630
290
50
200
0
250
410
260
530
150
170
620
160
140
550
640
370
600
620
350
620
530
0
290
290
610
0
640
280
280
620
480
0
0
180
640
610
350
620
0
600
340
0
590
0
180
230
140
120
500
460
50
640
620
210
360
380
320
420
380
410
90
200
140
0
400
0
360
0
250
110
140
130
180
0
360
620
250
40
610
10
0
330
620
320
360
470
0
530
0
0
600
260
0
110
240
600
640
350
600
640
0
40
0
180
630
600
0
0
0
160
50
300
620
350
0
520
40
640
240
370
330
280
190
0
620
210
0
50
430
0
160
610
350
0
600
640
0
340
640
350
370
240
0
380
600
300
360
640
90
600
110
540
590
630
0
0
560
190
330
630
400
440
0
250
490
570
180
460
0
390
600
610
500
390
620
150
280
620
440
0
600
0
200
110
130
110
480
190
630
200
260
400
460
0
0
0
0
100
520
380
0
0
0
520
180
340
