0
0
350
0
425
200
150
0
0
0
0
0
125
200
0
0
0
0
400
0
0
250
0
0
0
50
0
300
375
0
0
250
0
0
0
0
0
0
0
0
0
0
0
550
225
0
0
0
325
0
0
350
225
0
0
475
0
150
0
0
325
400
0
0
0
475
0
375
0
300
0
0
0
0
0
0
0
275
0
200
0
0
275
0
0
0
475
0
50
225
0
75
325
0
0
0
400
125
0
0
425
0
0
0
0
0
325
300
275
0
275
0
0
0
0
0
0
0
0
0
0
0
150
125
0
375
0
0
0
0
75
0
350
350
300
0
200
0
0
325
0
0
0
250
150
0
200
0
0
0
350
0
200
200
0
0
0
0
0
0
0
325
0
200
0
375
275
225
0
250
0
0
0
0
100
300
0
0
0
325
125
0
275
0
300
0
0
0
0
0
0
0
0
0
0
0
325
0
0
0
0
0
0
275
175
0
525
0
175
0
0
0
200
0
475
0
0
0
0
250
0
0
0
0
200
0
0
0
325
0
300
350
0
450
250
0
125
275
0
0
275
75
0
225
0
375
450
0
0
0
175
475
200
75
0
0
0
100
0
0
525
0
0
0
0
0
0
200
25
0
0
50
450
0
0
0
100
275
0
450
0
375
0
400
425
0
0
150
175
0
0
300
25
0
0
0
0
0
0
350
0
0
0
275
175
175
0
325
200
0
0
0
0
0
0
0
0
0
0
0
0
0
225
0
250
0
550
400
0
0
0
0
0
0
400
0
50
0
0
0
0
550
0
225
200
0
0
0
0
0
375
0
0
0
0
0
0
450
200
0
0
150
0
0
0
0
0
0
550
200
0
425
0
300
0
0
275
0
0
0
0
250
300
0
250
0
275
0
125
275
300
325
125
0
0
0
0
250
0
350
0
0
300
275
275
225
400
0
0
0
0
0
225
0
0
0
0
0
300
0
0
275
0
375
0
0
0
300
0
0
350
0
0
0
0
350
0
100
0
250
0
0
0
150
375
375
0
0
100
0
275
300
200
0
0
100
0
0
0
0
300
0
0
0
0
0
0
275
0
150
0
200
350
325
0
0
0
0
0
350
625
0
0
350
150
275
400
250
0
250
0
100
300
0
0
0
400
0
300
225
