0
0
0
680
680
0
0
0
680
0
0
720
0
880
0
0
680
0
880
800
800
0
0
0
680
0
0
0
0
800
0
680
0
680
0
0
680
0
0
0
0
0
960
680
0
880
0
0
0
960
0
800
800
880
0
0
680
0
0
0
0
0
0
0
0
0
0
680
680
800
0
0
0
0
680
840
640
0
680
960
800
720
0
0
0
0
720
0
0
0
0
0
0
720
800
0
0
0
0
0
0
680
800
720
0
0
0
0
0
0
0
800
0
720
0
720
0
840
800
720
0
0
0
0
0
0
680
0
0
0
680
0
0
680
0
0
0
0
960
0
0
0
0
0
0
720
0
960
0
0
680
0
960
0
960
0
0
680
0
800
800
0
0
720
720
0
0
0
720
0
0
0
0
0
680
0
960
960
800
0
0
0
0
960
960
0
0
720
680
680
0
800
0
0
680
0
0
0
0
720
0
720
0
960
0
0
720
0
0
680
0
0
0
0
960
0
0
0
0
0
720
0
0
720
0
800
1000
720
0
0
0
0
0
0
0
720
660
0
960
0
0
0
680
0
640
0
0
0
0
680
0
0
0
0
0
0
0
720
720
720
0
0
0
0
960
680
0
0
0
660
0
0
680
720
700
680
0
0
0
0
0
680
0
0
0
720
800
0
680
1000
0
880
0
720
960
0
0
680
0
0
0
720
800
880
0
0
720
800
0
720
720
960
0
0
0
0
0
0
960
0
0
0
640
640
680
0
720
0
960
0
0
720
640
800
0
800
640
800
0
0
0
680
800
680
0
960
0
0
0
0
0
720
880
0
0
0
640
720
0
0
760
0
0
720
680
720
0
640
0
0
0
880
960
720
0
0
0
0
640
0
800
0
0
0
0
0
800
0
720
0
0
880
720
0
0
800
0
0
680
0
0
720
960
0
0
800
0
640
0
0
0
0
0
0
0
680
0
680
0
0
960
1000
720
0
0
0
0
0
720
0
0
0
0
0
0
0
0
0
800
720
0
1000
0
0
0
720
680
720
0
0
960
0
960
0
0
0
0
0
960
1120
0
680
680
0
0
680
680
0
0
0
0
960
720
0
0
0
720
0
720
0
0
680
0
0
0
960
0
960
0
0
680
0
0
0
0
0
0
0
0
720
960
0
0
0
0
0
0
0
0
720
0
680
800
0
680
680
0
720
800
0
720
0
0
0
0
0
0
720
0
680
0
0
0
0
0
0
800
0
0
880
0
720
0
680
0
0
680
0
720
680
0
0
0
960
0
0
0
0
0
0
0
0
840
720
0
720
0
680
0
0
640
0
0
0
0
0
0
800
0
0
0
680
1000
720
680
0
720
720
0
0
0
0
0
0
720
960
0
720
0
720
