0
0
0
0
856
0
0
0
0
640
0
888
0
972
0
768
600
944
676
636
0
616
0
756
0
0
640
0
0
608
860
0
0
0
0
0
800
0
0
0
884
640
688
600
0
0
0
0
740
652
0
940
0
784
0
680
1120
816
0
0
0
0
0
760
616
0
720
720
600
620
0
0
0
0
720
0
628
0
600
0
768
0
0
0
0
616
700
768
912
736
0
0
960
760
620
0
0
0
0
992
964
0
980
0
0
0
616
840
0
616
976
0
0
644
0
700
0
816
620
0
908
680
0
800
760
0
800
0
0
0
0
0
0
0
992
0
800
640
660
656
0
0
0
0
0
640
0
0
0
996
0
760
0
0
916
0
656
0
0
0
0
0
720
0
720
0
0
844
0
640
0
632
0
0
0
0
660
0
908
912
0
0
0
600
600
0
0
0
860
0
768
776
0
0
0
0
0
0
0
676
0
640
712
600
816
0
944
0
0
0
800
960
0
912
720
800
0
0
0
0
0
0
0
0
0
980
0
0
0
0
640
800
868
0
0
0
876
0
0
0
0
604
0
0
840
0
884
0
0
600
0
0
0
892
760
652
0
0
640
640
0
0
0
660
624
0
0
0
0
0
0
0
600
0
0
0
0
0
0
768
736
660
0
800
608
0
0
0
600
0
0
0
0
640
700
0
0
720
0
892
0
0
0
0
0
0
0
0
0
0
700
0
0
0
1016
0
932
940
624
0
0
0
0
620
720
0
840
0
660
0
0
0
620
0
0
704
840
0
816
0
0
704
0
0
0
720
0
860
0
0
0
964
840
0
684
1024
0
0
0
720
0
0
664
0
0
640
0
620
0
768
0
644
876
0
0
0
0
0
728
0
0
640
0
0
0
720
0
616
0
720
608
644
0
0
0
0
0
0
0
0
760
700
616
0
0
980
0
620
0
0
0
600
0
0
0
752
0
0
0
0
0
0
956
0
0
0
780
0
640
0
0
0
612
0
0
0
0
0
0
0
0
684
0
0
680
728
0
0
600
0
624
0
0
840
0
0
0
736
660
0
0
600
728
0
800
664
756
640
0
0
0
0
0
0
0
0
0
0
0
0
0
604
0
0
0
664
0
664
0
816
0
0
676
0
0
992
0
0
0
640
0
720
0
0
0
0
800
0
0
0
0
660
0
0
1120
0
0
640
704
0
640
640
0
600
640
736
0
640
616
0
640
0
760
0
0
0
892
964
0
740
0
0
0
660
0
816
720
656
0
0
0
984
0
0
0
816
0
784
612
0
0
0
616
1136
0
0
720
0
0
0
620
756
1136
0
0
0
784
0
720
0
0
740
0
852
720
0
0
764
916
0
740
680
1012
952
0
604
0
760
0
0
