600
0
0
0
774
760
0
0
608
716
0
1104
1040
654
852
0
932
0
932
928
0
602
0
906
0
0
716
656
0
0
608
616
0
824
0
0
936
600
0
0
0
960
644
0
608
960
0
0
0
0
0
0
0
872
760
0
936
0
0
0
0
0
0
600
1168
0
0
928
932
848
0
0
0
0
928
0
606
0
0
0
688
622
0
600
0
640
622
0
0
684
0
760
600
622
848
0
760
0
0
618
608
936
848
0
0
716
0
716
0
924
818
848
608
0
0
622
0
796
848
0
872
0
0
0
600
0
936
0
0
0
600
716
672
0
0
0
608
760
888
0
716
0
608
0
0
622
0
0
0
716
936
600
0
0
852
0
696
0
656
848
0
600
0
1096
622
0
0
0
622
0
0
716
672
884
0
0
888
0
916
612
0
0
0
888
888
760
0
0
0
0
664
644
0
0
0
0
0
0
0
0
0
0
640
888
904
0
622
0
0
0
760
604
0
720
752
0
0
0
0
0
622
0
0
622
0
848
626
622
0
0
0
760
0
0
766
0
792
0
0
0
0
708
0
0
760
800
0
0
0
932
0
0
600
824
600
0
0
0
0
0
0
0
760
0
740
0
0
0
0
0
0
0
932
0
0
932
0
0
0
0
0
932
0
0
0
912
0
0
932
0
0
0
0
0
0
0
0
928
0
840
0
0
0
0
0
0
0
848
0
0
622
622
0
0
0
0
0
716
1192
0
760
0
0
800
928
0
1096
0
888
0
0
0
800
0
976
876
760
0
904
0
800
0
742
0
716
752
0
0
0
0
716
622
0
0
0
732
608
0
760
0
0
0
784
622
1088
1096
0
800
606
0
0
606
694
1008
0
0
0
0
606
0
848
0
0
0
760
0
0
0
0
0
600
606
0
688
0
0
760
0
0
0
816
622
0
0
0
848
0
800
0
0
0
0
0
760
0
0
0
0
716
0
0
626
622
0
960
0
0
0
1096
0
760
0
788
0
0
0
0
0
0
622
756
626
0
0
0
0
932
0
0
0
678
0
0
716
0
0
0
0
888
602
0
0
1112
648
760
0
932
760
0
0
0
0
0
608
0
0
622
0
0
0
0
626
0
0
0
650
0
650
0
828
0
0
716
0
0
1072
1040
0
0
622
888
0
716
0
0
0
0
760
730
0
0
932
848
0
0
0
0
622
0
0
0
0
608
0
716
692
0
622
984
936
760
0
600
0
0
0
0
760
0
732
0
622
0
932
780
0
928
0
622
932
0
0
0
0
0
0
0
680
0
0
0
0
720
622
0
622
0
794
0
0
800
600
720
0
0
0
0
0
1152
0
0
932
0
0
928
0
0
608
610
0
0
800
614
0
796
676
760
622
0
0
